##YUNITS=Abs
399.264912 1.007339 
401.193728 0.964933 
403.122544 0.921156 
405.051360 0.925046 
406.980176 0.948186 
408.908992 0.965689 
410.837808 1.005144 
412.766624 1.039944 
414.695440 1.125412 
416.624256 1.167961 
418.553072 1.220155 
420.481888 1.188503 
422.410704 1.211782 
424.339520 1.255711 
426.268336 1.296480 
428.197152 1.376679 
430.125968 1.482717 
432.054784 1.535260 
433.983600 1.526920 
435.912416 1.659297 
437.841232 1.733776 
439.770048 1.719978 
441.698864 1.705903 
443.627680 1.866567 
445.556496 2.096890 
447.485312 2.008020 
449.414128 1.967458 
451.342944 2.071983 
453.271760 2.039981 
455.200576 2.031079 
457.129392 2.473467 
459.058208 2.848462 
460.987024 2.348442 
462.915840 2.054173 
464.844656 2.088169 
466.773472 2.199534 
468.702288 2.166866 
470.631104 2.315669 
472.559920 2.213705 
474.488736 2.139565 
476.417552 1.983224 
478.346368 1.928917 
480.275184 1.939232 
482.204000 2.006344 
484.132816 1.914270 
486.061632 1.924071 
487.990448 2.056463 
489.919264 2.122198 
491.848080 2.213888 
493.776896 2.069705 
495.705712 1.978131 
497.634528 1.859451 
499.563344 1.843298 
501.492160 1.829624 
503.420976 1.778660 
505.349792 1.793409 
507.278608 1.775755 
509.207424 1.684825 
511.136240 1.627673 
513.065056 1.584597 
514.993872 1.570951 
516.922688 1.538444 
518.851504 1.443199 
520.780320 1.368838 
522.709136 1.320893 
524.637952 1.262242 
526.566768 1.214630 
528.495584 1.198071 
530.424400 1.181638 
532.353216 1.148977 
534.282032 1.129676 
536.210848 1.112532 
538.139664 1.092292 
540.068480 1.089518 
541.997296 1.099941 
543.926112 1.118371 
545.854928 1.133323 
547.783744 1.154185 
549.712560 1.165420 
551.641376 1.179575 
553.570192 1.210496 
555.499008 1.242662 
557.427824 1.293904 
559.356640 1.349637 
561.285456 1.390338 
563.214272 1.431833 
565.143088 1.497728 
567.071904 1.558371 
569.000720 1.591502 
570.929536 1.659168 
572.858352 1.771948 
574.787168 1.868280 
576.715984 1.924256 
578.644800 1.945867 
580.573616 1.946763 
582.502432 1.937537 
584.431248 2.090306 
586.360064 2.257019 
588.288880 2.115274 
590.217696 1.991025 
592.146512 1.877672 
594.075328 1.619179 
596.004144 1.421434 
597.932960 1.390580 
599.861776 1.494299 
601.790592 1.654669 
603.719408 1.777728 
605.648224 1.825120 
607.577040 1.881311 
609.505856 1.926690 
611.434672 1.994070 
613.363488 2.046890 
615.292304 2.095042 
617.221120 2.149082 
619.149936 2.109247 
621.078752 2.050234 
623.007568 2.097004 
624.936384 2.030408 
626.865200 1.945603 
628.794016 1.929816 
630.722832 1.930188 
632.651648 1.927552 
634.580464 1.930716 
636.509280 1.892506 
638.438096 1.792570 
640.366912 1.712096 
642.295728 1.663435 
644.224544 1.628713 
646.153360 1.622807 
648.082176 1.622315 
650.010992 1.590990 
651.939808 1.549953 
653.868624 1.503122 
655.797440 1.489978 
657.726256 1.467367 
659.655072 1.418829 
661.583888 1.409086 
663.512704 1.414768 
665.441520 1.401700 
667.370336 1.389568 
669.299152 1.435220 
671.227968 1.460688 
673.156784 1.486364 
675.085600 1.503864 
677.014416 1.464728 
678.943232 1.373587 
680.872048 1.302400 
682.800864 1.269645 
684.729680 1.266832 
686.658496 1.268596 
688.587312 1.275229 
690.516128 1.277559 
692.444944 1.274090 
694.373760 1.269127 
696.302576 1.259220 
698.231392 1.248295 
700.160208 1.233384 
702.089024 1.230616 
704.017840 1.236411 
705.946656 1.234143 
707.875472 1.240286 
709.804288 1.257532 
711.733104 1.256588 
713.661920 1.262742 
715.590736 1.288659 
717.519552 1.304257 
719.448368 1.324588 
721.377184 1.353271 
723.306000 1.367232 
725.234816 1.388317 
727.163632 1.438189 
729.092448 1.482253 
731.021264 1.525922 
732.950080 1.528302 
734.878896 1.488914 
736.807712 1.407955 
738.736528 1.260987 
740.665344 1.120855 
742.594160 1.049069 
744.522976 1.054194 
746.451792 1.112089 
748.380608 1.190240 
750.309424 1.245836 
752.238240 1.263107 
754.167056 1.287763 
756.095872 1.350880 
758.024688 1.423697 
759.953504 1.491301 
761.882320 1.544911 
763.811136 1.596492 
765.739952 1.609137 
767.668768 1.591440 
769.597584 1.588573 
771.526400 1.571255 
773.455216 1.560377 
775.384032 1.527664 
777.312848 1.479181 
779.241664 1.423079 
781.170480 1.376545 
783.099296 1.336578 
785.028112 1.297563 
786.956928 1.260662 
788.885744 1.219932 
790.814560 1.187549 
792.743376 1.165537 
794.672192 1.153087 
796.601008 1.156121 
798.529824 1.178894 
800.458640 1.228889 
802.387456 1.329790 
804.316272 1.487505 
806.245088 1.702002 
808.173904 2.020665 
810.102720 2.513206 
812.031536 2.703088 
813.960352 2.483847 
815.889168 2.545949 
817.817984 2.495709 
819.746800 2.327065 
821.675616 2.016790 
823.604432 1.778735 
825.533248 1.612305 
827.462064 1.472154 
829.390880 1.364013 
831.319696 1.281874 
833.248512 1.217126 
835.177328 1.164743 
837.106144 1.124170 
839.034960 1.086205 
840.963776 1.059158 
842.892592 1.042266 
844.821408 1.029316 
846.750224 1.015780 
848.679040 1.009447 
850.607856 1.007458 
852.536672 1.003990 
854.465488 1.006851 
856.394304 1.013921 
858.323120 1.017492 
860.251936 1.019880 
862.180752 1.023519 
864.109568 1.028060 
866.038384 1.028571 
867.967200 1.029521 
869.896016 1.026209 
871.824832 1.027329 
873.753648 1.032894 
875.682464 1.024039 
877.611280 1.017807 
879.540096 1.010472 
881.468912 1.000940 
883.397728 0.990928 
885.326544 0.979561 
887.255360 0.970660 
889.184176 0.965565 
891.112992 0.955790 
893.041808 0.948708 
894.970624 0.944807 
896.899440 0.932035 
898.828256 0.929450 
900.757072 0.929320 
902.685888 0.922436 
904.614704 0.920366 
906.543520 0.919001 
908.472336 0.912472 
910.401152 0.911225 
912.329968 0.910585 
914.258784 0.909217 
916.187600 0.908472 
918.116416 0.907021 
920.045232 0.904658 
921.974048 0.901884 
923.902864 0.900580 
925.831680 0.899557 
927.760496 0.901650 
929.689312 0.901898 
931.618128 0.900058 
933.546944 0.902471 
935.475760 0.906369 
937.404576 0.910972 
939.333392 0.913462 
941.262208 0.916947 
943.191024 0.924394 
945.119840 0.934794 
947.048656 0.945023 
948.977472 0.951756 
950.906288 0.952996 
952.835104 0.961094 
954.763920 0.965817 
956.692736 0.969028 
958.621552 0.977757 
960.550368 0.986931 
962.479184 0.999990 
964.408000 1.008234 
966.336816 1.012319 
968.265632 1.019573 
970.194448 1.028270 
972.123264 1.036899 
974.052080 1.045504 
975.980896 1.058322 
977.909712 1.077237 
979.838528 1.095634 
981.767344 1.114525 
983.696160 1.137909 
985.624976 1.161625 
987.553792 1.176489 
989.482608 1.187941 
991.411424 1.203862 
993.340240 1.222074 
995.269056 1.248652 
997.197872 1.275676 
999.126688 1.315593 
1001.055504 1.363587 
1002.984320 1.406503 
1004.913136 1.451212 
1006.841952 1.506140 
1008.770768 1.573070 
1010.699584 1.642343 
1012.628400 1.708181 
1014.557216 1.776746 
1016.486032 1.845101 
1018.414848 1.931693 
1020.343664 1.988871 
1022.272480 2.058083 
1024.201296 2.132517 
1026.130112 2.179366 
1028.058928 2.147062 
1029.987744 2.138353 
1031.916560 2.099893 
1033.845376 2.055792 
1035.774192 1.945103 
1037.703008 1.763751 
1039.631824 1.596064 
1041.560640 1.456329 
1043.489456 1.351875 
1045.418272 1.274546 
1047.347088 1.226530 
1049.275904 1.198623 
1051.204720 1.177338 
1053.133536 1.167359 
1055.062352 1.164210 
1056.991168 1.161635 
1058.919984 1.157827 
1060.848800 1.159931 
1062.777616 1.166536 
1064.706432 1.174037 
1066.635248 1.173221 
1068.564064 1.177422 
1070.492880 1.188799 
1072.421696 1.198707 
1074.350512 1.196494 
1076.279328 1.197838 
1078.208144 1.194445 
1080.136960 1.201353 
1082.065776 1.210791 
1083.994592 1.218014 
1085.923408 1.225770 
1087.852224 1.232449 
1089.781040 1.234024 
1091.709856 1.236651 
1093.638672 1.243061 
1095.567488 1.251518 
1097.496304 1.251461 
1099.425120 1.255690 
1101.353936 1.266542 
1103.282752 1.274002 
1105.211568 1.276194 
1107.140384 1.284912 
1109.069200 1.299647 
1110.998016 1.307791 
1112.926832 1.312710 
1114.855648 1.322627 
1116.784464 1.326510 
1118.713280 1.331072 
1120.642096 1.336702 
1122.570912 1.341915 
1124.499728 1.347497 
1126.428544 1.352120 
1128.357360 1.355891 
1130.286176 1.360114 
1132.214992 1.364480 
1134.143808 1.366493 
1136.072624 1.369551 
1138.001440 1.372314 
1139.930256 1.373074 
1141.859072 1.381380 
1143.787888 1.389470 
1145.716704 1.398979 
1147.645520 1.406431 
1149.574336 1.413128 
1151.503152 1.414249 
1153.431968 1.422397 
1155.360784 1.440539 
1157.289600 1.454577 
1159.218416 1.468882 
1161.147232 1.492094 
1163.076048 1.525533 
1165.004864 1.568109 
1166.933680 1.616613 
1168.862496 1.679230 
1170.791312 1.739446 
1172.720128 1.783910 
1174.648944 1.781726 
1176.577760 1.758480 
1178.506576 1.748332 
1180.435392 1.786336 
1182.364208 1.807452 
1184.293024 1.823225 
1186.221840 1.836296 
1188.150656 1.859169 
1190.079472 1.871698 
1192.008288 1.875189 
1193.937104 1.874483 
1195.865920 1.883222 
1197.794736 1.885807 
1199.723552 1.862752 
1201.652368 1.838817 
1203.581184 1.806485 
1205.510000 1.769572 
1207.438816 1.734366 
1209.367632 1.694994 
1211.296448 1.670586 
1213.225264 1.647614 
1215.154080 1.636208 
1217.082896 1.621651 
1219.011712 1.598021 
1220.940528 1.585580 
1222.869344 1.582277 
1224.798160 1.575701 
1226.726976 1.571434 
1228.655792 1.559031 
1230.584608 1.559603 
1232.513424 1.564069 
1234.442240 1.575665 
1236.371056 1.576162 
1238.299872 1.573379 
1240.228688 1.564423 
1242.157504 1.574110 
1244.086320 1.578130 
1246.015136 1.584466 
1247.943952 1.597272 
1249.872768 1.592018 
1251.801584 1.597340 
1253.730400 1.608087 
1255.659216 1.600512 
1257.588032 1.593320 
1259.516848 1.585222 
1261.445664 1.576695 
1263.374480 1.581180 
1265.303296 1.597533 
1267.232112 1.608500 
1269.160928 1.611140 
1271.089744 1.618731 
1273.018560 1.630121 
1274.947376 1.618086 
1276.876192 1.630741 
1278.805008 1.649192 
1280.733824 1.664310 
1282.662640 1.666761 
1284.591456 1.665843 
1286.520272 1.672009 
1288.449088 1.679000 
1290.377904 1.681568 
1292.306720 1.691804 
1294.235536 1.713009 
1296.164352 1.717840 
1298.093168 1.721875 
1300.021984 1.745759 
1301.950800 1.774036 
1303.879616 1.800412 
1305.808432 1.792789 
1307.737248 1.789936 
1309.666064 1.795608 
1311.594880 1.788853 
1313.523696 1.793147 
1315.452512 1.815679 
1317.381328 1.818517 
1319.310144 1.799187 
1321.238960 1.810735 
1323.167776 1.817992 
1325.096592 1.823284 
1327.025408 1.847401 
1328.954224 1.853281 
1330.883040 1.843865 
1332.811856 1.840138 
1334.740672 1.855165 
1336.669488 1.879736 
1338.598304 1.912269 
1340.527120 1.933101 
1342.455936 1.946115 
1344.384752 1.967580 
1346.313568 1.973146 
1348.242384 1.958024 
1350.171200 1.978946 
1352.100016 2.013369 
1354.028832 2.044557 
1355.957648 2.067933 
1357.886464 2.099537 
1359.815280 2.095465 
1361.744096 2.090719 
1363.672912 2.106478 
1365.601728 2.075204 
1367.530544 2.093007 
1369.459360 2.147566 
1371.388176 2.192647 
1373.316992 2.246413 
1375.245808 2.303246 
1377.174624 2.333378 
1379.103440 2.276270 
1381.032256 2.234447 
1382.961072 2.266369 
1384.889888 2.346355 
1386.818704 2.387131 
1388.747520 2.443619 
1390.676336 2.441053 
1392.605152 2.408926 
1394.533968 2.327611 
1396.462784 2.246699 
1398.391600 2.230978 
1400.320416 2.350595 
1402.249232 2.522128 
1404.178048 2.778204 
1406.106864 2.651831 
1408.035680 2.654805 
1409.964496 2.865691 
1411.893312 2.805731 
1413.822128 2.622592 
1415.750944 2.690265 
1417.679760 2.800782 
1419.608576 2.759374 
1421.537392 2.588250 
1423.466208 2.542682 
1425.395024 2.659204 
1427.323840 2.872757 
1429.252656 2.918131 
1431.181472 2.991472 
1433.110288 2.763199 
1435.039104 2.698017 
1436.967920 2.590467 
1438.896736 2.607589 
1440.825552 2.550819 
1442.754368 2.633259 
1444.683184 2.723141 
1446.612000 2.878361 
1448.540816 2.833891 
1450.469632 2.743304 
1452.398448 2.695515 
1454.327264 2.803880 
1456.256080 2.674467 
1458.184896 2.661526 
1460.113712 2.817176 
1462.042528 3.132196 
1463.971344 2.793213 
1465.900160 2.768197 
1467.828976 2.790819 
1469.757792 2.839946 
1471.686608 2.676518 
1473.615424 2.719339 
1475.544240 2.489458 
1477.473056 2.454576 
1479.401872 2.335418 
1481.330688 2.232418 
1483.259504 2.084252 
1485.188320 1.951325 
1487.117136 1.889469 
1489.045952 1.896071 
1490.974768 1.944662 
1492.903584 1.960674 
1494.832400 1.997428 
1496.761216 2.122512 
1498.690032 2.207358 
1500.618848 2.245704 
1502.547664 2.226613 
1504.476480 2.239362 
1506.405296 2.247672 
1508.334112 2.391481 
1510.262928 2.577723 
1512.191744 2.646424 
1514.120560 2.457011 
1516.049376 2.500292 
1517.978192 2.638012 
1519.907008 2.610390 
1521.835824 2.515773 
1523.764640 2.614118 
1525.693456 2.607040 
1527.622272 2.841399 
1529.551088 3.044988 
1531.479904 3.552756 
1533.408720 2.926565 
1535.337536 2.572544 
1537.266352 2.724546 
1539.195168 2.516191 
1541.123984 2.281727 
1543.052800 2.804857 
1544.981616 2.848409 
1546.910432 2.851519 
1548.839248 2.847881 
1550.768064 2.753955 
1552.696880 2.666012 
1554.625696 2.728931 
1556.554512 2.900497 
1558.483328 2.907461 
1560.412144 2.633027 
1562.340960 2.651161 
1564.269776 2.974566 
1566.198592 3.401788 
1568.127408 2.844379 
1570.056224 2.593081 
1571.985040 2.673856 
1573.913856 2.571949 
1575.842672 2.420290 
1577.771488 2.484679 
1579.700304 2.625841 
1581.629120 2.771728 
1583.557936 2.712253 
1585.486752 2.742013 
1587.415568 2.713638 
1589.344384 2.853683 
1591.273200 2.773410 
1593.202016 2.553323 
1595.130832 2.485670 
1597.059648 2.481546 
1598.988464 2.472579 
1600.917280 2.466233 
1602.846096 2.364762 
1604.774912 2.363592 
1606.703728 2.341494 
1608.632544 2.452613 
1610.561360 2.527873 
1612.490176 2.478959 
1614.418992 2.522044 
1616.347808 2.761960 
1618.276624 2.796826 
1620.205440 2.771995 
1622.134256 2.570387 
1624.063072 2.538854 
1625.991888 2.614676 
1627.920704 2.896744 
1629.849520 2.804969 
1631.778336 2.574496 
1633.707152 2.756867 
1635.635968 3.183482 
1637.564784 2.698158 
1639.493600 2.704457 
1641.422416 2.623691 
1643.351232 2.635338 
1645.280048 2.576805 
1647.208864 2.800985 
1649.137680 2.859581 
1651.066496 3.329437 
1652.995312 2.807196 
1654.924128 2.818276 
1656.852944 2.676704 
1658.781760 2.743836 
1660.710576 2.601001 
1662.639392 2.534734 
1664.568208 2.589099 
1666.497024 2.710147 
1668.425840 2.524503 
1670.354656 2.490218 
1672.283472 2.503950 
1674.212288 2.665702 
1676.141104 2.508503 
1678.069920 2.405501 
1679.998736 2.385593 
1681.927552 2.472336 
1683.856368 2.440955 
1685.785184 2.321917 
1687.714000 2.198377 
1689.642816 2.129679 
1691.571632 2.050454 
1693.500448 2.029331 
1695.429264 1.949453 
1697.358080 1.925848 
1699.286896 1.885929 
1701.215712 1.850382 
1703.144528 1.767238 
1705.073344 1.711350 
1707.002160 1.640057 
1708.930976 1.612052 
1710.859792 1.584308 
1712.788608 1.542511 
1714.717424 1.496927 
1716.646240 1.460533 
1718.575056 1.414496 
1720.503872 1.354651 
1722.432688 1.300356 
1724.361504 1.258920 
1726.290320 1.214239 
1728.219136 1.168035 
1730.147952 1.124392 
1732.076768 1.090057 
1734.005584 1.074697 
1735.934400 1.040960 
1737.863216 0.996983 
1739.792032 0.974860 
1741.720848 0.943735 
1743.649664 0.918449 
1745.578480 0.888751 
1747.507296 0.862356 
1749.436112 0.844225 
1751.364928 0.832619 
1753.293744 0.804277 
1755.222560 0.771912 
1757.151376 0.761091 
1759.080192 0.738178 
1761.009008 0.718044 
1762.937824 0.709114 
1764.866640 0.683421 
1766.795456 0.661470 
1768.724272 0.648952 
1770.653088 0.627843 
1772.581904 0.632342 
1774.510720 0.618493 
1776.439536 0.593853 
1778.368352 0.572272 
1780.297168 0.562853 
1782.225984 0.548737 
1784.154800 0.530514 
1786.083616 0.519082 
1788.012432 0.497955 
1789.941248 0.477212 
1791.870064 0.476887 
1793.798880 0.476556 
1795.727696 0.458332 
1797.656512 0.442650 
1799.585328 0.431355 
1801.514144 0.431160 
1803.442960 0.422128 
1805.371776 0.408770 
1807.300592 0.397421 
1809.229408 0.390842 
1811.158224 0.390806 
1813.087040 0.387129 
1815.015856 0.375543 
1816.944672 0.371433 
1818.873488 0.367000 
1820.802304 0.360439 
1822.731120 0.352102 
1824.659936 0.353236 
1826.588752 0.351055 
1828.517568 0.340399 
1830.446384 0.353383 
1832.375200 0.345419 
1834.304016 0.333634 
1836.232832 0.331748 
1838.161648 0.333136 
1840.090464 0.326306 
1842.019280 0.315628 
1843.948096 0.326530 
1845.876912 0.336674 
1847.805728 0.328860 
1849.734544 0.325784 
1851.663360 0.319536 
1853.592176 0.318059 
1855.520992 0.316277 
1857.449808 0.314759 
1859.378624 0.313762 
1861.307440 0.313611 
1863.236256 0.309879 
1865.165072 0.303870 
1867.093888 0.301551 
1869.022704 0.316237 
1870.951520 0.316738 
1872.880336 0.306537 
1874.809152 0.301723 
1876.737968 0.300410 
1878.666784 0.301187 
1880.595600 0.302323 
1882.524416 0.301808 
1884.453232 0.303010 
1886.382048 0.300555 
1888.310864 0.298780 
1890.239680 0.307685 
1892.168496 0.304338 
1894.097312 0.300523 
1896.026128 0.305158 
1897.954944 0.304591 
1899.883760 0.304406 
1901.812576 0.305269 
1903.741392 0.306280 
1905.670208 0.306452 
1907.599024 0.307327 
1909.527840 0.312385 
1911.456656 0.314300 
1913.385472 0.310732 
1915.314288 0.307600 
1917.243104 0.311555 
1919.171920 0.321165 
1921.100736 0.314647 
1923.029552 0.322023 
1924.958368 0.324351 
1926.887184 0.321577 
1928.816000 0.322404 
1930.744816 0.323050 
1932.673632 0.323549 
1934.602448 0.325279 
1936.531264 0.325732 
1938.460080 0.326522 
1940.388896 0.324091 
1942.317712 0.332771 
1944.246528 0.339097 
1946.175344 0.336873 
1948.104160 0.337441 
1950.032976 0.337868 
1951.961792 0.338724 
1953.890608 0.340984 
1955.819424 0.344935 
1957.748240 0.346010 
1959.677056 0.347309 
1961.605872 0.351486 
1963.534688 0.353215 
1965.463504 0.354435 
1967.392320 0.362296 
1969.321136 0.365097 
1971.249952 0.362895 
1973.178768 0.365374 
1975.107584 0.368710 
1977.036400 0.371508 
1978.965216 0.373775 
1980.894032 0.376901 
1982.822848 0.379416 
1984.751664 0.382468 
1986.680480 0.385709 
1988.609296 0.390107 
1990.538112 0.392403 
1992.466928 0.402742 
1994.395744 0.406744 
1996.324560 0.407903 
1998.253376 0.412629 
2000.182192 0.417462 
2002.111008 0.423244 
2004.039824 0.429528 
2005.968640 0.435093 
2007.897456 0.440617 
2009.826272 0.444909 
2011.755088 0.449766 
2013.683904 0.454252 
2015.612720 0.456773 
2017.541536 0.463734 
2019.470352 0.468398 
2021.399168 0.469410 
2023.327984 0.471795 
2025.256800 0.473824 
2027.185616 0.476454 
2029.114432 0.479238 
2031.043248 0.482365 
2032.972064 0.485090 
2034.900880 0.487253 
2036.829696 0.489729 
2038.758512 0.491809 
2040.687328 0.493665 
2042.616144 0.498017 
2044.544960 0.501097 
2046.473776 0.505254 
2048.402592 0.509182 
2050.331408 0.511258 
2052.260224 0.512460 
2054.189040 0.515816 
2056.117856 0.519115 
2058.046672 0.521035 
2059.975488 0.521609 
2061.904304 0.521633 
2063.833120 0.521290 
2065.761936 0.524069 
2067.690752 0.522288 
2069.619568 0.519303 
2071.548384 0.518976 
2073.477200 0.519611 
2075.406016 0.519944 
2077.334832 0.519751 
2079.263648 0.518946 
2081.192464 0.520029 
2083.121280 0.521787 
2085.050096 0.523677 
2086.978912 0.525034 
2088.907728 0.528756 
2090.836544 0.533327 
2092.765360 0.537166 
2094.694176 0.540294 
2096.622992 0.543890 
2098.551808 0.546885 
2100.480624 0.550963 
2102.409440 0.555103 
2104.338256 0.560265 
2106.267072 0.566195 
2108.195888 0.570400 
2110.124704 0.574825 
2112.053520 0.580357 
2113.982336 0.585904 
2115.911152 0.591548 
2117.839968 0.594997 
2119.768784 0.597650 
2121.697600 0.599320 
2123.626416 0.600176 
2125.555232 0.602133 
2127.484048 0.605248 
2129.412864 0.607475 
2131.341680 0.612127 
2133.270496 0.617209 
2135.199312 0.622646 
2137.128128 0.626787 
2139.056944 0.631642 
2140.985760 0.638051 
2142.914576 0.646136 
2144.843392 0.653080 
2146.772208 0.658623 
2148.701024 0.662836 
2150.629840 0.667792 
2152.558656 0.671493 
2154.487472 0.675912 
2156.416288 0.683906 
2158.345104 0.690780 
2160.273920 0.695081 
2162.202736 0.699804 
2164.131552 0.706499 
2166.060368 0.713116 
2167.989184 0.722547 
2169.918000 0.733987 
2171.846816 0.743869 
2173.775632 0.753868 
2175.704448 0.763406 
2177.633264 0.772729 
2179.562080 0.779177 
2181.490896 0.786497 
2183.419712 0.796529 
2185.348528 0.804563 
2187.277344 0.810274 
2189.206160 0.814970 
2191.134976 0.814798 
2193.063792 0.817492 
2194.992608 0.820206 
2196.921424 0.821705 
2198.850240 0.823335 
2200.779056 0.823395 
2202.707872 0.825076 
2204.636688 0.826082 
2206.565504 0.820738 
2208.494320 0.816956 
2210.423136 0.815201 
2212.351952 0.812337 
2214.280768 0.806803 
2216.209584 0.804492 
2218.138400 0.802281 
2220.067216 0.799622 
2221.996032 0.795264 
2223.924848 0.792439 
2225.853664 0.787721 
2227.782480 0.782848 
2229.711296 0.779645 
2231.640112 0.776658 
2233.568928 0.770907 
2235.497744 0.766405 
2237.426560 0.761919 
2239.355376 0.758638 
2241.284192 0.752896 
2243.213008 0.749515 
2245.141824 0.747096 
2247.070640 0.743385 
2248.999456 0.740895 
2250.928272 0.740401 
2252.857088 0.739354 
2254.785904 0.734862 
2256.714720 0.729262 
2258.643536 0.727805 
2260.572352 0.726984 
2262.501168 0.726923 
2264.429984 0.726486 
2266.358800 0.724223 
2268.287616 0.720007 
2270.216432 0.716931 
2272.145248 0.713743 
2274.074064 0.710818 
2276.002880 0.706838 
2277.931696 0.705796 
2279.860512 0.704819 
2281.789328 0.703666 
2283.718144 0.703461 
2285.646960 0.706200 
2287.575776 0.707815 
2289.504592 0.712806 
2291.433408 0.715429 
2293.362224 0.716029 
2295.291040 0.716835 
2297.219856 0.721187 
2299.148672 0.725166 
2301.077488 0.728753 
2303.006304 0.731843 
2304.935120 0.736394 
2306.863936 0.736181 
2308.792752 0.736415 
2310.721568 0.744126 
2312.650384 0.753441 
2314.579200 0.752437 
2316.508016 0.758185 
2318.436832 0.765414 
2320.365648 0.769158 
2322.294464 0.773456 
2324.223280 0.778200 
2326.152096 0.780148 
2328.080912 0.787043 
2330.009728 0.790809 
2331.938544 0.788691 
2333.867360 0.788311 
2335.796176 0.789420 
2337.724992 0.787324 
2339.653808 0.786515 
2341.582624 0.783241 
2343.511440 0.784665 
2345.440256 0.800445 
2347.369072 0.800772 
2349.297888 0.776689 
2351.226704 0.770037 
2353.155520 0.777055 
2355.084336 0.776368 
2357.013152 0.762740 
2358.941968 0.758380 
2360.870784 0.776017 
2362.799600 0.798899 
2364.728416 0.800007 
2366.657232 0.783762 
2368.586048 0.793204 
2370.514864 0.804550 
2372.443680 0.803580 
2374.372496 0.805587 
2376.301312 0.808764 
2378.230128 0.810447 
2380.158944 0.810806 
2382.087760 0.808072 
2384.016576 0.805394 
2385.945392 0.806401 
2387.874208 0.802821 
2389.803024 0.798161 
2391.731840 0.799692 
2393.660656 0.802786 
2395.589472 0.804186 
2397.518288 0.806168 
2399.447104 0.807381 
2401.375920 0.807090 
2403.304736 0.808121 
2405.233552 0.808773 
2407.162368 0.810913 
2409.091184 0.813297 
2411.020000 0.814727 
2412.948816 0.818190 
2414.877632 0.823147 
2416.806448 0.823665 
2418.735264 0.823755 
2420.664080 0.826705 
2422.592896 0.830008 
2424.521712 0.832902 
2426.450528 0.834035 
2428.379344 0.839776 
2430.308160 0.843623 
2432.236976 0.844754 
2434.165792 0.847776 
2436.094608 0.850301 
2438.023424 0.851400 
2439.952240 0.854440 
2441.881056 0.859190 
2443.809872 0.863140 
2445.738688 0.866742 
2447.667504 0.875276 
2449.596320 0.882647 
2451.525136 0.883130 
2453.453952 0.888067 
2455.382768 0.892791 
2457.311584 0.895157 
2459.240400 0.900526 
2461.169216 0.904811 
2463.098032 0.912023 
2465.026848 0.916529 
2466.955664 0.920774 
2468.884480 0.923159 
2470.813296 0.927284 
2472.742112 0.932673 
2474.670928 0.936963 
2476.599744 0.938187 
2478.528560 0.938525 
2480.457376 0.943200 
2482.386192 0.946289 
2484.315008 0.941228 
2486.243824 0.939618 
2488.172640 0.942674 
2490.101456 0.947509 
2492.030272 0.949128 
2493.959088 0.952027 
2495.887904 0.955011 
2497.816720 0.959101 
2499.745536 0.952540 
2501.674352 0.953662 
2503.603168 0.960904 
2505.531984 0.966105 
2507.460800 0.968861 
2509.389616 0.965743 
2511.318432 0.962903 
2513.247248 0.963864 
2515.176064 0.966888 
2517.104880 0.967508 
2519.033696 0.964058 
2520.962512 0.964177 
2522.891328 0.967618 
2524.820144 0.971420 
2526.748960 0.977193 
2528.677776 0.984062 
2530.606592 0.983856 
2532.535408 0.983729 
2534.464224 0.987982 
2536.393040 0.989585 
2538.321856 0.988647 
2540.250672 0.992261 
2542.179488 0.997140 
2544.108304 1.001092 
2546.037120 1.008577 
2547.965936 1.014194 
2549.894752 1.015504 
2551.823568 1.016237 
2553.752384 1.016334 
2555.681200 1.021114 
2557.610016 1.028755 
2559.538832 1.027264 
2561.467648 1.022146 
2563.396464 1.024609 
2565.325280 1.026092 
2567.254096 1.029745 
2569.182912 1.033209 
2571.111728 1.033883 
2573.040544 1.033352 
2574.969360 1.035283 
2576.898176 1.033425 
2578.826992 1.035773 
2580.755808 1.035413 
2582.684624 1.034552 
2584.613440 1.036083 
2586.542256 1.035982 
2588.471072 1.038904 
2590.399888 1.042006 
2592.328704 1.046603 
2594.257520 1.054809 
2596.186336 1.059503 
2598.115152 1.056896 
2600.043968 1.061190 
2601.972784 1.071121 
2603.901600 1.078099 
2605.830416 1.081268 
2607.759232 1.081956 
2609.688048 1.080936 
2611.616864 1.089447 
2613.545680 1.092904 
2615.474496 1.095430 
2617.403312 1.102575 
2619.332128 1.113409 
2621.260944 1.114795 
2623.189760 1.109485 
2625.118576 1.119015 
2627.047392 1.120577 
2628.976208 1.122489 
2630.905024 1.130442 
2632.833840 1.142903 
2634.762656 1.149567 
2636.691472 1.151858 
2638.620288 1.158041 
2640.549104 1.161264 
2642.477920 1.168538 
2644.406736 1.177853 
2646.335552 1.182663 
2648.264368 1.184110 
2650.193184 1.185160 
2652.122000 1.198369 
2654.050816 1.218232 
2655.979632 1.229305 
2657.908448 1.235339 
2659.837264 1.240173 
2661.766080 1.236140 
2663.694896 1.243257 
2665.623712 1.258052 
2667.552528 1.276010 
2669.481344 1.282600 
2671.410160 1.285881 
2673.338976 1.295456 
2675.267792 1.311866 
2677.196608 1.310927 
2679.125424 1.310307 
2681.054240 1.310143 
2682.983056 1.311060 
2684.911872 1.312864 
2686.840688 1.308879 
2688.769504 1.302905 
2690.698320 1.299969 
2692.627136 1.296953 
2694.555952 1.304685 
2696.484768 1.315698 
2698.413584 1.309078 
2700.342400 1.298504 
2702.271216 1.298257 
2704.200032 1.293830 
2706.128848 1.282203 
2708.057664 1.283000 
2709.986480 1.284918 
2711.915296 1.281147 
2713.844112 1.289289 
2715.772928 1.295898 
2717.701744 1.290752 
2719.630560 1.274739 
2721.559376 1.265584 
2723.488192 1.268607 
2725.417008 1.284164 
2727.345824 1.290419 
2729.274640 1.283318 
2731.203456 1.292804 
2733.132272 1.300827 
2735.061088 1.307569 
2736.989904 1.308615 
2738.918720 1.318502 
2740.847536 1.325846 
2742.776352 1.326947 
2744.705168 1.334064 
2746.633984 1.349509 
2748.562800 1.360983 
2750.491616 1.347962 
2752.420432 1.333152 
2754.349248 1.336383 
2756.278064 1.358153 
2758.206880 1.364789 
2760.135696 1.346185 
2762.064512 1.348382 
2763.993328 1.358153 
2765.922144 1.357997 
2767.850960 1.364714 
2769.779776 1.379079 
2771.708592 1.387710 
2773.637408 1.390915 
2775.566224 1.401923 
2777.495040 1.405220 
2779.423856 1.391072 
2781.352672 1.392771 
2783.281488 1.413012 
2785.210304 1.420329 
2787.139120 1.424141 
2789.067936 1.446806 
2790.996752 1.463458 
2792.925568 1.460556 
2794.854384 1.466373 
2796.783200 1.499833 
2798.712016 1.531041 
2800.640832 1.527396 
2802.569648 1.534014 
2804.498464 1.543909 
2806.427280 1.554966 
2808.356096 1.559369 
2810.284912 1.566984 
2812.213728 1.600650 
2814.142544 1.604515 
2816.071360 1.587187 
2818.000176 1.597024 
2819.928992 1.587426 
2821.857808 1.594008 
2823.786624 1.615687 
2825.715440 1.622757 
2827.644256 1.606944 
2829.573072 1.622312 
2831.501888 1.632912 
2833.430704 1.606082 
2835.359520 1.605506 
2837.288336 1.618040 
2839.217152 1.612839 
2841.145968 1.595371 
2843.074784 1.595586 
2845.003600 1.596639 
2846.932416 1.568639 
2848.861232 1.551930 
2850.790048 1.543980 
2852.718864 1.546947 
2854.647680 1.581770 
2856.576496 1.595745 
2858.505312 1.592740 
2860.434128 1.590631 
2862.362944 1.570857 
2864.291760 1.554844 
2866.220576 1.538377 
2868.149392 1.558455 
2870.078208 1.591676 
2872.007024 1.584866 
2873.935840 1.555269 
2875.864656 1.541479 
2877.793472 1.544236 
2879.722288 1.567595 
2881.651104 1.575695 
2883.579920 1.564498 
2885.508736 1.556562 
2887.437552 1.549994 
2889.366368 1.552234 
2891.295184 1.608278 
2893.224000 1.645641 
2895.152816 1.629297 
2897.081632 1.616272 
2899.010448 1.628024 
2900.939264 1.620227 
2902.868080 1.641034 
2904.796896 1.675457 
2906.725712 1.644218 
2908.654528 1.609093 
2910.583344 1.644057 
2912.512160 1.678194 
2914.440976 1.666112 
2916.369792 1.676009 
2918.298608 1.666014 
2920.227424 1.697255 
2922.156240 1.730831 
2924.085056 1.761695 
2926.013872 1.778470 
2927.942688 1.748297 
2929.871504 1.804558 
2931.800320 1.840655 
2933.729136 1.779422 
2935.657952 1.780883 
2937.586768 1.788270 
2939.515584 1.791549 
2941.444400 1.785276 
2943.373216 1.797700 
2945.302032 1.887610 
2947.230848 1.896712 
2949.159664 1.896109 
2951.088480 1.947880 
2953.017296 1.975624 
2954.946112 1.958637 
2956.874928 1.945518 
2958.803744 1.993684 
2960.732560 1.990040 
2962.661376 1.944065 
2964.590192 1.909234 
2966.519008 1.920644 
2968.447824 1.999446 
2970.376640 2.033665 
2972.305456 2.024889 
2974.234272 2.044627 
2976.163088 1.987828 
2978.091904 1.954974 
2980.020720 1.982933 
2981.949536 2.051304 
2983.878352 2.118178 
2985.807168 2.097062 
2987.735984 2.129347 
2989.664800 2.081899 
2991.593616 2.080807 
2993.522432 2.119622 
2995.451248 2.073590 
2997.380064 2.082053 
2999.308880 2.185947 
3001.237696 2.310448 
3003.166512 2.282866 
3005.095328 2.237073 
3007.024144 2.087500 
3008.952960 2.002712 
3010.881776 2.029862 
3012.810592 2.246676 
3014.739408 2.237878 
3016.668224 2.146057 
3018.597040 2.167412 
3020.525856 2.277393 
3022.454672 2.390042 
3024.383488 2.374238 
3026.312304 2.263513 
3028.241120 2.262555 
3030.169936 2.471123 
3032.098752 2.604377 
3034.027568 2.505437 
3035.956384 2.499027 
3037.885200 2.365441 
3039.814016 2.245307 
3041.742832 2.237406 
3043.671648 2.240982 
3045.600464 2.228367 
3047.529280 2.277524 
3049.458096 2.302988 
3051.386912 2.250761 
3053.315728 2.339759 
3055.244544 2.413683 
3057.173360 2.354154 
3059.102176 2.282317 
3061.030992 2.296127 
3062.959808 2.449729 
3064.888624 2.368380 
3066.817440 2.218621 
3068.746256 2.271159 
3070.675072 2.351880 
3072.603888 2.450973 
3074.532704 2.560912 
3076.461520 2.664445 
3078.390336 2.717158 
3080.319152 2.666682 
3082.247968 2.385760 
3084.176784 2.312952 
3086.105600 2.511445 
3088.034416 2.773269 
3089.963232 2.817943 
3091.892048 2.857027 
3093.820864 2.681569 
3095.749680 2.448128 
3097.678496 2.324997 
3099.607312 2.267633 
3101.536128 2.416700 
3103.464944 2.531184 
3105.393760 2.545313 
3107.322576 2.566078 
3109.251392 2.767206 
3111.180208 2.653204 
3113.109024 2.309302 
3115.037840 2.118296 
3116.966656 2.209185 
3118.895472 2.539743 
3120.824288 2.451273 
3122.753104 2.551915 
3124.681920 3.041542 
3126.610736 2.589063 
3128.539552 2.417752 
3130.468368 2.320683 
3132.397184 2.350965 
3134.326000 2.441221 
3136.254816 2.523122 
3138.183632 2.384187 
3140.112448 2.282290 
3142.041264 2.429694 
3143.970080 2.638154 
3145.898896 2.522105 
3147.827712 2.404555 
3149.756528 2.659737 
3151.685344 3.857361 
3153.614160 2.459016 
3155.542976 2.331500 
3157.471792 2.219295 
3159.400608 2.141203 
3161.329424 2.256412 
3163.258240 2.392853 
3165.187056 2.371379 
3167.115872 2.344271 
3169.044688 2.937722 
3170.973504 2.642557 
3172.902320 2.450670 
3174.831136 2.517321 
3176.759952 2.320409 
3178.688768 2.168947 
3180.617584 2.357942 
3182.546400 2.513472 
3184.475216 2.382230 
3186.404032 2.417423 
3188.332848 2.441069 
3190.261664 2.290899 
3192.190480 2.523451 
3194.119296 2.541866 
3196.048112 2.527720 
3197.976928 2.584783 
3199.905744 2.354866 
3201.834560 2.238503 
3203.763376 2.417690 
3205.692192 2.343144 
3207.621008 2.174997 
3209.549824 2.180908 
3211.478640 2.215578 
3213.407456 2.281125 
3215.336272 2.594755 
3217.265088 2.677110 
3219.193904 2.547598 
3221.122720 2.575793 
3223.051536 3.428749 
3224.980352 2.658044 
3226.909168 2.403363 
3228.837984 2.286636 
3230.766800 2.392821 
3232.695616 2.357760 
3234.624432 2.347766 
3236.553248 2.403861 
3238.482064 2.377536 
3240.410880 2.312640 
3242.339696 2.229478 
3244.268512 2.175571 
3246.197328 2.208778 
3248.126144 2.440500 
3250.054960 2.735840 
3251.983776 2.672299 
3253.912592 2.293216 
3255.841408 2.364965 
3257.770224 2.765641 
3259.699040 2.244856 
3261.627856 2.078918 
3263.556672 2.356047 
3265.485488 2.488718 
3267.414304 2.362415 
3269.343120 2.495049 
3271.271936 2.222559 
3273.200752 2.528231 
3275.129568 2.515760 
3277.058384 2.718345 
3278.987200 2.376014 
3280.916016 2.168605 
3282.844832 2.192848 
3284.773648 2.233754 
3286.702464 2.371747 
3288.631280 2.460722 
3290.560096 2.642978 
3292.488912 2.551790 
3294.417728 2.716579 
3296.346544 3.270196 
3298.275360 2.826345 
3300.204176 2.929028 
3302.132992 2.760891 
3304.061808 3.726510 
3305.990624 2.626170 
3307.919440 2.521755 
3309.848256 2.352437 
3311.777072 2.224003 
3313.705888 2.234926 
3315.634704 2.118765 
3317.563520 2.164909 
3319.492336 2.288244 
3321.421152 2.273594 
3323.349968 2.467874 
3325.278784 2.576103 
3327.207600 2.706239 
3329.136416 2.476813 
3331.065232 2.568581 
3332.994048 2.465139 
3334.922864 2.483815 
3336.851680 2.537572 
3338.780496 2.485913 
3340.709312 2.218651 
3342.638128 2.296326 
3344.566944 2.274234 
3346.495760 2.213885 
3348.424576 2.208163 
3350.353392 2.393970 
3352.282208 2.590200 
3354.211024 2.487715 
3356.139840 2.185562 
3358.068656 2.314117 
3359.997472 2.430463 
3361.926288 2.126109 
3363.855104 2.057093 
3365.783920 2.076438 
3367.712736 2.032660 
3369.641552 2.032492 
3371.570368 2.024537 
3373.499184 1.963611 
3375.428000 1.906317 
3377.356816 1.798439 
3379.285632 1.679373 
3381.214448 1.646075 
3383.143264 1.603923 
3385.072080 1.578658 
3387.000896 1.579077 
3388.929712 1.481281 
3390.858528 1.435822 
3392.787344 1.429330 
3394.716160 1.411494 
3396.644976 1.426373 
3398.573792 1.445448 
3400.502608 1.453794 
3402.431424 1.493487 
3404.360240 1.508680 
3406.289056 1.559847 
3408.217872 1.701823 
3410.146688 1.868237 
3412.075504 2.024032 
3414.004320 2.222633 
3415.933136 2.506697 
3417.861952 2.549195 
3419.790768 2.417193 
3421.719584 2.501256 
3423.648400 2.523233 
3425.577216 2.114265 
3427.506032 1.866832 
3429.434848 1.670632 
3431.363664 1.450571 
3433.292480 1.286453 
3435.221296 1.156998 
3437.150112 1.060701 
3439.078928 0.998862 
3441.007744 0.967276 
3442.936560 0.951809 
3444.865376 0.949830 
3446.794192 0.965767 
3448.723008 0.980007 
3450.651824 1.017835 
3452.580640 1.073717 
3454.509456 1.146599 
3456.438272 1.250736 
3458.367088 1.391955 
3460.295904 1.622483 
3462.224720 1.878251 
3464.153536 2.094313 
3466.082352 2.579297 
3468.011168 2.565151 
3469.939984 2.723644 
3471.868800 2.226036 
3473.797616 1.975645 
3475.726432 1.863364 
3477.655248 1.598442 
3479.584064 1.314353 
3481.512880 1.097837 
3483.441696 0.934480 
3485.370512 0.812338 
3487.299328 0.731650 
3489.228144 0.670861 
3491.156960 0.620510 
3493.085776 0.581532 
3495.014592 0.554680 
3496.943408 0.539461 
3498.872224 0.520731 
3500.801040 0.502434 
3502.729856 0.502009 
3504.658672 0.507853 
3506.587488 0.494721 
3508.516304 0.490231 
3510.445120 0.497143 
3512.373936 0.495790 
3514.302752 0.495369 
3516.231568 0.491047 
3518.160384 0.492208 
3520.089200 0.493677 
3522.018016 0.491514 
3523.946832 0.501656 
3525.875648 0.497347 
3527.804464 0.503762 
3529.733280 0.515580 
3531.662096 0.513728 
3533.590912 0.512484 
3535.519728 0.521819 
3537.448544 0.532777 
3539.377360 0.528406 
3541.306176 0.518822 
3543.234992 0.520115 
3545.163808 0.539813 
3547.092624 0.558213 
3549.021440 0.549743 
3550.950256 0.545643 
3552.879072 0.561798 
3554.807888 0.558411 
3556.736704 0.550445 
3558.665520 0.554671 
3560.594336 0.559656 
3562.523152 0.556918 
3564.451968 0.546241 
3566.380784 0.566231 
3568.309600 0.602529 
3570.238416 0.593919 
3572.167232 0.573839 
3574.096048 0.567560 
3576.024864 0.571652 
3577.953680 0.571677 
3579.882496 0.574354 
3581.811312 0.572990 
3583.740128 0.564220 
3585.668944 0.564288 
3587.597760 0.611109 
3589.526576 0.619169 
3591.455392 0.584261 
3593.384208 0.582124 
3595.313024 0.608126 
3597.241840 0.614884 
3599.170656 0.609454 
3601.099472 0.619296 
3603.028288 0.617784 
3604.957104 0.597730 
3606.885920 0.608311 
3608.814736 0.638202 
3610.743552 0.631152 
3612.672368 0.635731 
3614.601184 0.639387 
3616.530000 0.623778 
3618.458816 0.648326 
3620.387632 0.680315 
3622.316448 0.656735 
3624.245264 0.630348 
3626.174080 0.610494 
3628.102896 0.625961 
3630.031712 0.691606 
3631.960528 0.666435 
3633.889344 0.654764 
3635.818160 0.655550 
3637.746976 0.655374 
3639.675792 0.649809 
3641.604608 0.654321 
3643.533424 0.652780 
3645.462240 0.622144 
3647.391056 0.635365 
3649.319872 0.721129 
3651.248688 0.757319 
3653.177504 0.695915 
3655.106320 0.667871 
3657.035136 0.704436 
3658.963952 0.710990 
3660.892768 0.699584 
3662.821584 0.693401 
3664.750400 0.688142 
3666.679216 0.670022 
3668.608032 0.654994 
3670.536848 0.691525 
3672.465664 0.685839 
3674.394480 0.690333 
3676.323296 0.767910 
3678.252112 0.748623 
3680.180928 0.723489 
3682.109744 0.705089 
3684.038560 0.699102 
3685.967376 0.679248 
3687.896192 0.679906 
3689.825008 0.736826 
3691.753824 0.754978 
3693.682640 0.741075 
3695.611456 0.729066 
3697.540272 0.719168 
3699.469088 0.694808 
3701.397904 0.712480 
3703.326720 0.730154 
3705.255536 0.717677 
3707.184352 0.706349 
3709.113168 0.702546 
3711.041984 0.735520 
3712.970800 0.774020 
3714.899616 0.757909 
3716.828432 0.734588 
3718.757248 0.733027 
3720.686064 0.740421 
3722.614880 0.741968 
3724.543696 0.738439 
3726.472512 0.759723 
3728.401328 0.756402 
3730.330144 0.718792 
3732.258960 0.709029 
3734.187776 0.718216 
3736.116592 0.765968 
3738.045408 0.768744 
3739.974224 0.753895 
3741.903040 0.735625 
3743.831856 0.747153 
3745.760672 0.792060 
3747.689488 0.749137 
3749.618304 0.728508 
3751.547120 0.788601 
3753.475936 0.811511 
3755.404752 0.776769 
3757.333568 0.775845 
3759.262384 0.797760 
3761.191200 0.796518 
3763.120016 0.773645 
3765.048832 0.787832 
3766.977648 0.801218 
3768.906464 0.790240 
3770.835280 0.815187 
3772.764096 0.813890 
3774.692912 0.798497 
3776.621728 0.796738 
3778.550544 0.807828 
3780.479360 0.817992 
3782.408176 0.801724 
3784.336992 0.811363 
3786.265808 0.816267 
3788.194624 0.807236 
3790.123440 0.816251 
3792.052256 0.811725 
3793.981072 0.787134 
3795.909888 0.786106 
3797.838704 0.804518 
3799.767520 0.793347 
3801.696336 0.822238 
3803.625152 0.833150 
3805.553968 0.826741 
3807.482784 0.850884 
3809.411600 0.832644 
3811.340416 0.813869 
3813.269232 0.797216 
3815.198048 0.815450 
3817.126864 0.837246 
3819.055680 0.794011 
3820.984496 0.830568 
3822.913312 0.877108 
3824.842128 0.852505 
3826.770944 0.859367 
3828.699760 0.851386 
3830.628576 0.839517 
3832.557392 0.844857 
3834.486208 0.834350 
3836.415024 0.833999 
3838.343840 0.880338 
3840.272656 0.910756 
3842.201472 0.886839 
3844.130288 0.891215 
3846.059104 0.885704 
3847.987920 0.869397 
3849.916736 0.840245 
3851.845552 0.818027 
3853.774368 0.893192 
3855.703184 0.922745 
3857.632000 0.909782 
3859.560816 0.881095 
3861.489632 0.867264 
3863.418448 0.871917 
3865.347264 0.901156 
3867.276080 0.876475 
3869.204896 0.890192 
3871.133712 0.936369 
3873.062528 0.913306 
3874.991344 0.923188 
3876.920160 0.901457 
3878.848976 0.892617 
3880.777792 0.932402 
3882.706608 0.913027 
3884.635424 0.890694 
3886.564240 0.926016 
3888.493056 0.901106 
3890.421872 0.915846 
3892.350688 0.949171 
3894.279504 0.922469 
3896.208320 0.898060 
3898.137136 0.894007 
3900.065952 0.910089 
3901.994768 0.914198 
3903.923584 0.926674 
3905.852400 0.956862 
3907.781216 0.939346 
3909.710032 0.913087 
3911.638848 0.907118 
3913.567664 0.908448 
3915.496480 0.909129 
3917.425296 0.925044 
3919.354112 0.922169 
3921.282928 0.902211 
3923.211744 0.901005 
3925.140560 0.926427 
3927.069376 0.923675 
3928.998192 0.906365 
3930.927008 0.902194 
3932.855824 0.908731 
3934.784640 0.915904 
3936.713456 0.927755 
3938.642272 0.927959 
3940.571088 0.909226 
3942.499904 0.916194 
3944.428720 0.920361 
3946.357536 0.902742 
3948.286352 0.924358 
3950.215168 0.924394 
3952.143984 0.908716 
3954.072800 0.911523 
3956.001616 0.919489 
3957.930432 0.923094 
3959.859248 0.920679 
3961.788064 0.910832 
3963.716880 0.915164 
3965.645696 0.923009 
3967.574512 0.910579 
3969.503328 0.901435 
3971.432144 0.915993 
3973.360960 0.937332 
3975.289776 0.945961 
3977.218592 0.958936 
3979.147408 0.956880 
3981.076224 0.929565 
3983.005040 0.920211 
3984.933856 0.928433 
3986.862672 0.943225 
3988.791488 0.943031 
3990.720304 0.934347 
3992.649120 0.932090 
3994.577936 0.941797 
3996.506752 0.939911 
3998.435568 0.937034 
4000.364384 0.952872 
4002.293200 0.958961 
4004.222016 0.944614 
4006.150832 0.943868 
4008.079648 0.953116 
4010.008464 0.964666 
4011.937280 0.952307 
4013.866096 0.960430 
4015.794912 0.970763 
4017.723728 0.967222 
4019.652544 0.974255 
4021.581360 0.967353 
4023.510176 0.971121 
4025.438992 0.966568 
4027.367808 0.961661 
4029.296624 0.960004 
4031.225440 0.959364 
4033.154256 0.966872 
4035.083072 0.976108 
4037.011888 0.981890 
4038.940704 0.972243 
4040.869520 0.965610 
4042.798336 0.962005 
4044.727152 0.967538 
4046.655968 0.986713 
4048.584784 0.999910 
4050.513600 0.997137 
4052.442416 0.978320 
4054.371232 0.969134 
4056.300048 0.969097 
4058.228864 0.975440 
4060.157680 0.989740 
4062.086496 0.996501 
4064.015312 0.981053 
4065.944128 0.966348 
4067.872944 0.982655 
4069.801760 0.997582 
4071.730576 1.000306 
4073.659392 0.987274 
4075.588208 0.970575 
4077.517024 0.966956 
4079.445840 0.959364 
4081.374656 0.970676 
4083.303472 0.986249 
4085.232288 0.988563 
4087.161104 0.990699 
4089.089920 0.993791 
4091.018736 0.983269 
4092.947552 0.980753 
4094.876368 0.993554 
4096.805184 1.001180 
4098.734000 1.006695 
4100.662816 0.999011 
4102.591632 0.967342 
4104.520448 0.958777 
4106.449264 0.992470 
4108.378080 1.010458 
4110.306896 1.014205 
4112.235712 1.006094 
4114.164528 0.992680 
4116.093344 0.992802 
4118.022160 0.997669 
4119.950976 0.989702 
4121.879792 0.976337 
4123.808608 0.993663 
4125.737424 0.996677 
4127.666240 0.995480 
4129.595056 1.011557 
4131.523872 1.001622 
4133.452688 1.001817 
4135.381504 1.000162 
4137.310320 1.001091 
4139.239136 0.980003 
4141.167952 0.970403 
4143.096768 0.997081 
4145.025584 1.015851 
4146.954400 1.021600 
4148.883216 1.050594 
4150.812032 1.058367 
4152.740848 1.031450 
4154.669664 1.016726 
4156.598480 1.025024 
4158.527296 1.005465 
4160.456112 0.985307 
4162.384928 0.992158 
4164.313744 1.006675 
4166.242560 1.022429 
4168.171376 1.034845 
4170.100192 1.035486 
4172.029008 1.044367 
4173.957824 1.032057 
4175.886640 1.020318 
4177.815456 1.040001 
4179.744272 1.080030 
4181.673088 1.056722 
4183.601904 1.043428 
4185.530720 1.029119 
4187.459536 1.011271 
4189.388352 1.009757 
4191.317168 1.030082 
4193.245984 1.041742 
4195.174800 1.001154 
4197.103616 0.982124 
4199.032432 1.015657 
4200.961248 1.048348 
4202.890064 1.032509 
4204.818880 1.034833 
4206.747696 1.035883 
4208.676512 1.044051 
4210.605328 1.053604 
4212.534144 1.042379 
4214.462960 1.018993 
4216.391776 0.987946 
4218.320592 0.987970 
4220.249408 1.011560 
4222.178224 1.033508 
4224.107040 1.061681 
4226.035856 1.076383 
4227.964672 1.052485 
4229.893488 1.026270 
4231.822304 1.044063 
4233.751120 1.079899 
4235.679936 1.046793 
4237.608752 1.020796 
4239.537568 1.029505 
4241.466384 1.039432 
4243.395200 1.047503 
4245.324016 1.029690 
4247.252832 1.007004 
4249.181648 1.000170 
4251.110464 1.000231 
4253.039280 1.018916 
4254.968096 1.025329 
4256.896912 1.050217 
4258.825728 1.073310 
4260.754544 1.069621 
4262.683360 1.105617 
4264.612176 1.119497 
4266.540992 1.088368 
4268.469808 1.050335 
4270.398624 1.024631 
4272.327440 1.021977 
4274.256256 1.013628 
4276.185072 1.001669 
4278.113888 1.035139 
4280.042704 1.060270 
4281.971520 1.020071 
4283.900336 1.021781 
4285.829152 1.029259 
4287.757968 1.042780 
4289.686784 1.053818 
4291.615600 1.030391 
4293.544416 1.003862 
4295.473232 1.027344 
4297.402048 1.087324 
4299.330864 1.102334 
4301.259680 1.067195 
4303.188496 1.036844 
4305.117312 1.050488 
4307.046128 1.077842 
4308.974944 1.084313 
4310.903760 1.103518 
4312.832576 1.078579 
4314.761392 1.059807 
4316.690208 1.056499 
4318.619024 1.036312 
4320.547840 1.047867 
4322.476656 1.063533 
4324.405472 1.057254 
4326.334288 1.072382 
4328.263104 1.099306 
4330.191920 1.108571 
4332.120736 1.146377 
4334.049552 1.133110 
4335.978368 1.091860 
4337.907184 1.082208 
4339.836000 1.088602 
4341.764816 1.085960 
4343.693632 1.066067 
4345.622448 1.073642 
4347.551264 1.089123 
4349.480080 1.090788 
4351.408896 1.083129 
4353.337712 1.090131 
4355.266528 1.116186 
4357.195344 1.107400 
4359.124160 1.095099 
4361.052976 1.098751 
4362.981792 1.113592 
4364.910608 1.107897 
4366.839424 1.115250 
4368.768240 1.105830 
4370.697056 1.126520 
4372.625872 1.144522 
4374.554688 1.132126 
4376.483504 1.120487 
4378.412320 1.109006 
4380.341136 1.103471 
4382.269952 1.108697 
4384.198768 1.122246 
4386.127584 1.125440 
4388.056400 1.134985 
4389.985216 1.124839 
4391.914032 1.085289 
4393.842848 1.081320 
4395.771664 1.085853 
4397.700480 1.086893 
4399.629296 1.115788 
4401.558112 1.121520 
4403.486928 1.092154 
4405.415744 1.076231 
4407.344560 1.089459 
4409.273376 1.091393 
4411.202192 1.087959 
4413.131008 1.101487 
4415.059824 1.114838 
4416.988640 1.140370 
4418.917456 1.108065 
4420.846272 1.081889 
4422.775088 1.096430 
4424.703904 1.090219 
4426.632720 1.081030 
4428.561536 1.079069 
4430.490352 1.077014 
4432.419168 1.086698 
4434.347984 1.104708 
4436.276800 1.090818 
4438.205616 1.083481 
4440.134432 1.082792 
4442.063248 1.122500 
4443.992064 1.163598 
4445.920880 1.162367 
4447.849696 1.128737 
4449.778512 1.130099 
4451.707328 1.136192 
4453.636144 1.128913 
4455.564960 1.161219 
4457.493776 1.169088 
4459.422592 1.140858 
4461.351408 1.106984 
4463.280224 1.096900 
4465.209040 1.096227 
4467.137856 1.113545 
4469.066672 1.139283 
4470.995488 1.122291 
4472.924304 1.070732 
4474.853120 1.071543 
4476.781936 1.135316 
4478.710752 1.151393 
4480.639568 1.128029 
4482.568384 1.134721 
4484.497200 1.142087 
4486.426016 1.169246 
4488.354832 1.176240 
4490.283648 1.135076 
4492.212464 1.150562 
4494.141280 1.131586 
4496.070096 1.085194 
4497.998912 1.107888 
4499.927728 1.160912 
4501.856544 1.151427 