##YUNITS=%T
399.264912 19.582044 
401.193728 18.656959 
403.122544 18.417303 
405.051360 18.829576 
406.980176 18.330619 
408.908992 17.133507 
410.837808 16.038642 
412.766624 15.390677 
414.695440 14.860994 
416.624256 14.101471 
418.553072 12.847611 
420.481888 12.391765 
422.410704 12.118629 
424.339520 11.925288 
426.268336 10.756115 
428.197152 9.793395 
430.125968 9.103989 
432.054784 8.280647 
433.983600 7.644767 
435.912416 6.707259 
437.841232 6.376358 
439.770048 6.301601 
441.698864 6.233882 
443.627680 6.030490 
445.556496 5.714089 
447.485312 5.398403 
449.414128 5.447703 
451.342944 5.450961 
453.271760 5.130094 
455.200576 5.001606 
457.129392 4.533668 
459.058208 3.951398 
460.987024 3.877414 
462.915840 3.723237 
464.844656 3.312601 
466.773472 3.611609 
468.702288 4.265357 
470.631104 4.864429 
472.559920 5.259905 
474.488736 5.748048 
476.417552 6.129653 
478.346368 6.293385 
480.275184 6.441444 
482.204000 6.751064 
484.132816 6.872644 
486.061632 7.211632 
487.990448 7.261144 
489.919264 7.130886 
491.848080 7.529914 
493.776896 8.152458 
495.705712 8.490012 
497.634528 8.608665 
499.563344 8.625921 
501.492160 9.219637 
503.420976 9.633415 
505.349792 10.054362 
507.278608 10.508386 
509.207424 11.255614 
511.136240 12.315065 
513.065056 13.362978 
514.993872 14.059111 
516.922688 14.636366 
518.851504 15.193573 
520.780320 16.104051 
522.709136 16.966888 
524.637952 17.649761 
526.566768 18.257967 
528.495584 18.857226 
530.424400 19.696452 
532.353216 20.094075 
534.282032 20.224753 
536.210848 20.578718 
538.139664 20.782414 
540.068480 20.647987 
541.997296 20.418036 
543.926112 20.305379 
545.854928 19.621157 
547.783744 18.804290 
549.712560 18.161568 
551.641376 17.505871 
553.570192 16.795881 
555.499008 15.940433 
557.427824 15.079611 
559.356640 14.328732 
561.285456 13.253939 
563.214272 12.003958 
565.143088 11.255441 
567.071904 10.734734 
569.000720 9.965810 
570.929536 9.161185 
572.858352 8.520786 
574.787168 7.902879 
576.715984 7.175734 
578.644800 6.546873 
580.573616 5.729457 
582.502432 5.004524 
584.431248 4.822075 
586.360064 5.157155 
588.288880 6.430079 
590.217696 7.713573 
592.146512 8.921724 
594.075328 11.727006 
596.004144 14.428341 
597.932960 15.025859 
599.861776 13.419903 
601.790592 11.204690 
603.719408 9.717211 
605.648224 8.768444 
607.577040 8.126871 
609.505856 7.684880 
611.434672 7.239756 
613.363488 6.841712 
615.292304 6.646592 
617.221120 6.551760 
619.149936 6.581399 
621.078752 6.776427 
623.007568 6.827720 
624.936384 6.689380 
626.865200 6.745312 
628.794016 7.003363 
630.722832 7.210428 
632.651648 7.627584 
634.580464 8.016935 
636.509280 8.377517 
638.438096 8.798133 
640.366912 9.113058 
642.295728 9.439815 
644.224544 9.766006 
646.153360 10.193614 
648.082176 10.509059 
650.010992 10.915444 
651.939808 11.348400 
653.868624 11.451927 
655.797440 11.431336 
657.726256 11.656177 
659.655072 11.885892 
661.583888 12.000435 
663.512704 11.973690 
665.441520 12.043152 
667.370336 11.779752 
669.299152 11.275186 
671.227968 11.565275 
673.156784 11.400020 
675.085600 11.089361 
677.014416 11.689025 
678.943232 13.080420 
680.872048 14.045511 
682.800864 14.404260 
684.729680 14.288733 
686.658496 14.178834 
688.587312 14.393441 
690.516128 14.509999 
692.444944 14.771574 
694.373760 15.023990 
696.302576 14.990076 
698.231392 14.906616 
700.160208 14.928548 
702.089024 15.014142 
704.017840 15.247160 
705.946656 15.366334 
707.875472 15.338369 
709.804288 15.146926 
711.733104 14.957107 
713.661920 14.829521 
715.590736 14.643334 
717.519552 14.378462 
719.448368 13.998829 
721.377184 13.677349 
723.306000 13.500128 
725.234816 13.195859 
727.163632 12.731357 
729.092448 12.142164 
731.021264 11.728638 
732.950080 11.648233 
734.878896 12.212940 
736.807712 13.715019 
738.736528 16.186922 
740.665344 18.867815 
742.594160 20.253665 
744.522976 19.747450 
746.451792 18.137199 
748.380608 16.503230 
750.309424 15.697409 
752.238240 15.388512 
754.167056 14.792515 
756.095872 13.731724 
758.024688 12.714744 
759.953504 11.921591 
761.882320 11.579661 
763.811136 11.397810 
765.739952 11.289556 
767.668768 11.347707 
769.597584 11.429749 
771.526400 11.577646 
773.455216 11.993972 
775.384032 12.640422 
777.312848 13.281159 
779.241664 13.826398 
781.170480 14.565960 
783.099296 15.292040 
785.028112 16.039177 
786.956928 16.652358 
788.885744 17.323550 
790.814560 17.896072 
792.743376 18.261383 
794.672192 18.345358 
796.601008 18.070186 
798.529824 17.274697 
800.458640 15.781123 
802.387456 13.610711 
804.316272 11.057841 
806.245088 8.086600 
808.173904 5.370611 
810.102720 3.322464 
812.031536 2.040115 
813.960352 1.542952 
815.889168 1.868927 
817.817984 2.891391 
819.746800 4.669156 
821.675616 6.900155 
823.604432 9.072801 
825.533248 11.103126 
827.462064 12.980463 
829.390880 14.697824 
831.319696 16.368502 
833.248512 17.666583 
835.177328 18.685078 
837.106144 19.567118 
839.034960 20.289147 
840.963776 20.867316 
842.892592 21.388634 
844.821408 21.757666 
846.750224 21.850459 
848.679040 21.874665 
850.607856 21.973445 
852.536672 21.929157 
854.465488 21.824454 
856.394304 21.740272 
858.323120 21.689013 
860.251936 21.609628 
862.180752 21.557138 
864.109568 21.427871 
866.038384 21.307879 
867.967200 21.250418 
869.896016 21.283104 
871.824832 21.342245 
873.753648 21.336479 
875.682464 21.328773 
877.611280 21.446858 
879.540096 21.636210 
881.468912 21.897439 
883.397728 22.154240 
885.326544 22.328758 
887.255360 22.532371 
889.184176 22.695275 
891.112992 22.901128 
893.041808 23.048765 
894.970624 23.060111 
896.899440 23.251398 
898.828256 23.399441 
900.757072 23.464458 
902.685888 23.496080 
904.614704 23.574675 
906.543520 23.593448 
908.472336 23.591315 
910.401152 23.675076 
912.329968 23.700087 
914.258784 23.641151 
916.187600 23.566655 
918.116416 23.458708 
920.045232 23.379721 
921.974048 23.296666 
923.902864 23.318484 
925.831680 23.287315 
927.760496 23.178028 
929.689312 23.068537 
931.618128 22.998053 
933.546944 22.757265 
935.475760 22.551777 
937.404576 22.487078 
939.333392 22.410954 
941.262208 22.166484 
943.191024 21.929380 
945.119840 21.715328 
947.048656 21.524726 
948.977472 21.322684 
950.906288 21.090004 
952.835104 20.766999 
954.763920 20.517748 
956.692736 20.377480 
958.621552 20.189498 
960.550368 19.942597 
962.479184 19.670479 
964.408000 19.426393 
966.336816 19.185563 
968.265632 18.910540 
970.194448 18.741278 
972.123264 18.496144 
974.052080 18.177847 
975.980896 17.784578 
977.909712 17.391299 
979.838528 17.015616 
981.767344 16.652767 
983.696160 16.226448 
985.624976 15.877837 
987.553792 15.508390 
989.482608 15.118589 
991.411424 14.849852 
993.340240 14.563846 
995.269056 14.090224 
997.197872 13.535609 
999.126688 12.897267 
1001.055504 12.297733 
1002.984320 11.695965 
1004.913136 11.048991 
1006.841952 10.382767 
1008.770768 9.829018 
1010.699584 9.251241 
1012.628400 8.568988 
1014.557216 7.915060 
1016.486032 7.389270 
1018.414848 6.819096 
1020.343664 6.292697 
1022.272480 5.962451 
1024.201296 5.834276 
1026.130112 5.775543 
1028.058928 5.809489 
1029.987744 5.920023 
1031.916560 6.202778 
1033.845376 6.850246 
1035.774192 8.017233 
1037.703008 9.654469 
1039.631824 11.745116 
1041.560640 13.839955 
1043.489456 15.589287 
1045.418272 16.918254 
1047.347088 17.789971 
1049.275904 18.253796 
1051.204720 18.443783 
1053.133536 18.539220 
1055.062352 18.610006 
1056.991168 18.449349 
1058.919984 18.212280 
1060.848800 18.019588 
1062.777616 17.861254 
1064.706432 17.619470 
1066.635248 17.611547 
1068.564064 17.488735 
1070.492880 17.311033 
1072.421696 17.175424 
1074.350512 16.985580 
1076.279328 16.783576 
1078.208144 16.705608 
1080.136960 16.590692 
1082.065776 16.456853 
1083.994592 16.355456 
1085.923408 16.329573 
1087.852224 16.145538 
1089.781040 15.898359 
1091.709856 15.783947 
1093.638672 15.683400 
1095.567488 15.503062 
1097.496304 15.454688 
1099.425120 15.368677 
1101.353936 15.185695 
1103.282752 14.982597 
1105.211568 14.808305 
1107.140384 14.643259 
1109.069200 14.503411 
1110.998016 14.433483 
1112.926832 14.313511 
1114.855648 14.125320 
1116.784464 13.976811 
1118.713280 13.874703 
1120.642096 13.864979 
1122.570912 13.761943 
1124.499728 13.570487 
1126.428544 13.409466 
1128.357360 13.356577 
1130.286176 13.249398 
1132.214992 13.119308 
1134.143808 12.995690 
1136.072624 12.885371 
1138.001440 12.814849 
1139.930256 12.809256 
1141.859072 12.681319 
1143.787888 12.528420 
1145.716704 12.465155 
1147.645520 12.412790 
1149.574336 12.212416 
1151.503152 12.046584 
1153.431968 11.944938 
1155.360784 11.834560 
1157.289600 11.623643 
1159.218416 11.352526 
1161.147232 11.029224 
1163.076048 10.550673 
1165.004864 9.892895 
1166.933680 9.297514 
1168.862496 8.841095 
1170.791312 8.504157 
1172.720128 8.257883 
1174.648944 8.258181 
1176.577760 8.293011 
1178.506576 8.296079 
1180.435392 8.201699 
1182.364208 8.084678 
1184.293024 7.903764 
1186.221840 7.729719 
1188.150656 7.570728 
1190.079472 7.552455 
1192.008288 7.518595 
1193.937104 7.426508 
1195.865920 7.367195 
1197.794736 7.546013 
1199.723552 7.799266 
1201.652368 8.033813 
1203.581184 8.362166 
1205.510000 8.767093 
1207.438816 9.226160 
1209.367632 9.617665 
1211.296448 9.887472 
1213.225264 10.096381 
1215.154080 10.242355 
1217.082896 10.352599 
1219.011712 10.438925 
1220.940528 10.581932 
1222.869344 10.632626 
1224.798160 10.594389 
1226.726976 10.539307 
1228.655792 10.538042 
1230.584608 10.510719 
1232.513424 10.491764 
1234.442240 10.423955 
1236.371056 10.419066 
1238.299872 10.389068 
1240.228688 10.231667 
1242.157504 10.092592 
1244.086320 10.076006 
1246.015136 10.113058 
1247.943952 10.124735 
1249.872768 10.035660 
1251.801584 10.023175 
1253.730400 9.977725 
1255.659216 9.942878 
1257.588032 9.957718 
1259.516848 9.978570 
1261.445664 9.955328 
1263.374480 9.954467 
1265.303296 9.858741 
1267.232112 9.715910 
1269.160928 9.576074 
1271.089744 9.520810 
1273.018560 9.365427 
1274.947376 9.246649 
1276.876192 9.214995 
1278.805008 9.163416 
1280.733824 9.026627 
1282.662640 8.906771 
1284.591456 8.852213 
1286.520272 8.796983 
1288.449088 8.631364 
1290.377904 8.576172 
1292.306720 8.486537 
1294.235536 8.334407 
1296.164352 8.183720 
1298.093168 8.057899 
1300.021984 7.901893 
1301.950800 7.796870 
1303.879616 7.621147 
1305.808432 7.540447 
1307.737248 7.518347 
1309.666064 7.446222 
1311.594880 7.345248 
1313.523696 7.318781 
1315.452512 7.295742 
1317.381328 7.254956 
1319.310144 7.165076 
1321.238960 7.131611 
1323.167776 6.994443 
1325.096592 6.916785 
1327.025408 6.873981 
1328.954224 6.852477 
1330.883040 6.791674 
1332.811856 6.707547 
1334.740672 6.609570 
1336.669488 6.469922 
1338.598304 6.270875 
1340.527120 6.126549 
1342.455936 6.091425 
1344.384752 6.011203 
1346.313568 5.867423 
1348.242384 5.813566 
1350.171200 5.679733 
1352.100016 5.592878 
1354.028832 5.518483 
1355.957648 5.390466 
1357.886464 5.228925 
1359.815280 5.200580 
1361.744096 4.951439 
1363.672912 4.698246 
1365.601728 4.663779 
1367.530544 4.605124 
1369.459360 4.424385 
1371.388176 4.359901 
1373.316992 4.207986 
1375.245808 4.013568 
1377.174624 3.926225 
1379.103440 3.862368 
1381.032256 3.751131 
1382.961072 3.639666 
1384.889888 3.470804 
1386.818704 3.251510 
1388.747520 3.075110 
1390.676336 3.020202 
1392.605152 2.874827 
1394.533968 2.650836 
1396.462784 2.584389 
1398.391600 2.496348 
1400.320416 2.229088 
1402.249232 2.122468 
1404.178048 2.061820 
1406.106864 1.928868 
1408.035680 1.740315 
1409.964496 1.583234 
1411.893312 1.348869 
1413.822128 1.190648 
1415.750944 1.030844 
1417.679760 0.930294 
1419.608576 0.761512 
1421.537392 0.668068 
1423.466208 0.549136 
1425.395024 0.397969 
1427.323840 0.298581 
1429.252656 0.230673 
1431.181472 0.196462 
1433.110288 0.160149 
1435.039104 0.086889 
1436.967920 0.147005 
1438.896736 0.172031 
1440.825552 0.140238 
1442.754368 0.129125 
1444.683184 0.278952 
1446.612000 0.468770 
1448.540816 0.687343 
1450.469632 0.765225 
1452.398448 0.949378 
1454.327264 1.022953 
1456.256080 0.950019 
1458.184896 0.808155 
1460.113712 0.855766 
1462.042528 0.735173 
1463.971344 0.570155 
1465.900160 0.439503 
1467.828976 0.475503 
1469.757792 0.497561 
1471.686608 0.688139 
1473.615424 1.082824 
1475.544240 1.786796 
1477.473056 2.882457 
1479.401872 4.047551 
1481.330688 5.451980 
1483.259504 6.905994 
1485.188320 8.058567 
1487.117136 8.816162 
1489.045952 8.844957 
1490.974768 7.988303 
1492.903584 7.480893 
1494.832400 7.031150 
1496.761216 6.145722 
1498.690032 5.188453 
1500.618848 4.590627 
1502.547664 4.199555 
1504.476480 3.936443 
1506.405296 3.301378 
1508.334112 2.202777 
1510.262928 2.059376 
1512.191744 1.834416 
1514.120560 1.691956 
1516.049376 1.341280 
1517.978192 0.953488 
1519.907008 0.848518 
1521.835824 0.738367 
1523.764640 0.511914 
1525.693456 0.385769 
1527.622272 0.275633 
1529.551088 0.299528 
1531.479904 0.272498 
1533.408720 0.129714 
1535.337536 0.124206 
1537.266352 0.212244 
1539.195168 0.172787 
1541.123984 0.145840 
1543.052800 0.083288 
1544.981616 0.069507 
1546.910432 0.051362 
1548.839248 0.120076 
1550.768064 0.107447 
1552.696880 0.109234 
1554.625696 0.099767 
1556.554512 0.070882 
1558.483328 0.477121 
1560.412144 0.137334 
1562.340960 0.202844 
1564.269776 0.319685 
1566.198592 0.365553 
1568.127408 0.334837 
1570.056224 0.068925 
1571.985040 0.106258 
1573.913856 0.203459 
1575.842672 0.206942 
1577.771488 0.166399 
1579.700304 0.295893 
1581.629120 0.338755 
1583.557936 0.378790 
1585.486752 0.432677 
1587.415568 0.490421 
1589.344384 0.610028 
1591.273200 0.826605 
1593.202016 1.052255 
1595.130832 1.445145 
1597.059648 1.834698 
1598.988464 2.281864 
1600.917280 2.630870 
1602.846096 3.026141 
1604.774912 3.317174 
1606.703728 3.419206 
1608.632544 3.300041 
1610.561360 3.054968 
1612.490176 2.639484 
1614.418992 2.327921 
1616.347808 1.760853 
1618.276624 1.316697 
1620.205440 1.182628 
1622.134256 1.072260 
1624.063072 0.883466 
1625.991888 0.799724 
1627.920704 0.737475 
1629.849520 0.715304 
1631.778336 0.641884 
1633.707152 0.628625 
1635.635968 0.607235 
1637.564784 0.729002 
1639.493600 0.774572 
1641.422416 0.715495 
1643.351232 0.579333 
1645.280048 0.392800 
1647.208864 0.104318 
1649.137680 0.151982 
1651.066496 0.086693 
1652.995312 0.052680 
1654.924128 0.286860 
1656.852944 0.415335 
1658.781760 0.421049 
1660.710576 0.442652 
1662.639392 0.484554 
1664.568208 0.810393 
1666.497024 1.075983 
1668.425840 1.301968 
1670.354656 1.720281 
1672.283472 2.113082 
1674.212288 2.253484 
1676.141104 2.596607 
1678.069920 2.912466 
1679.998736 3.216876 
1681.927552 3.666963 
1683.856368 4.159991 
1685.785184 4.618729 
1687.714000 4.986675 
1689.642816 5.329737 
1691.571632 5.799941 
1693.500448 6.260748 
1695.429264 6.670842 
1697.358080 6.946069 
1699.286896 7.498033 
1701.215712 7.893220 
1703.144528 8.401222 
1705.073344 8.808751 
1707.002160 9.350274 
1708.930976 9.923920 
1710.859792 10.510388 
1712.788608 11.130485 
1714.717424 11.634357 
1716.646240 11.934499 
1718.575056 12.735660 
1720.503872 13.814168 
1722.432688 14.743364 
1724.361504 15.621502 
1726.290320 16.530430 
1728.219136 17.395699 
1730.147952 18.206096 
1732.076768 18.946583 
1734.005584 19.493062 
1735.934400 20.654921 
1737.863216 21.898826 
1739.792032 22.899346 
1741.720848 23.851886 
1743.649664 24.723772 
1745.578480 25.628725 
1747.507296 26.439064 
1749.436112 27.183644 
1751.364928 28.077925 
1753.293744 29.293447 
1755.222560 30.545695 
1757.151376 31.387646 
1759.080192 32.430957 
1761.009008 33.299024 
1762.937824 34.055987 
1764.866640 35.270802 
1766.795456 36.420258 
1768.724272 37.141634 
1770.653088 38.087112 
1772.581904 38.663252 
1774.510720 39.780993 
1776.439536 41.109111 
1778.368352 42.369255 
1780.297168 43.339417 
1782.225984 44.328961 
1784.154800 45.414964 
1786.083616 46.563228 
1788.012432 47.899732 
1789.941248 48.970147 
1791.870064 49.458314 
1793.798880 50.268631 
1795.727696 51.517078 
1797.656512 52.766164 
1799.585328 53.718923 
1801.514144 54.213906 
1803.442960 55.136690 
1805.371776 56.302615 
1807.300592 57.142777 
1809.229408 57.896004 
1811.158224 58.259419 
1813.087040 58.896603 
1815.015856 59.878955 
1816.944672 60.412815 
1818.873488 60.848203 
1820.802304 61.454867 
1822.731120 62.016678 
1824.659936 62.244683 
1826.588752 62.616531 
1828.517568 63.295946 
1830.446384 62.969466 
1832.375200 63.711170 
1834.304016 64.524683 
1836.232832 64.915089 
1838.161648 65.082455 
1840.090464 65.456180 
1842.019280 65.791531 
1843.948096 65.287598 
1845.876912 64.816594 
1847.805728 65.508827 
1849.734544 65.971875 
1851.663360 66.527501 
1853.592176 66.739027 
1855.520992 66.867397 
1857.449808 66.805341 
1859.378624 66.887030 
1861.307440 66.955675 
1863.236256 67.211617 
1865.165072 67.472776 
1867.093888 67.436737 
1869.022704 66.539081 
1870.951520 66.751947 
1872.880336 67.467972 
1874.809152 67.744028 
1876.737968 67.659691 
1878.666784 67.638701 
1880.595600 67.596948 
1882.524416 67.599731 
1884.453232 67.436183 
1886.382048 67.433983 
1888.310864 67.295889 
1890.239680 66.774294 
1892.168496 66.793129 
1894.097312 66.896233 
1896.026128 66.592734 
1897.954944 66.692949 
1899.883760 66.677143 
1901.812576 66.398312 
1903.741392 66.170964 
1905.670208 66.085939 
1907.599024 65.824114 
1909.527840 65.482149 
1911.456656 65.293951 
1913.385472 65.232443 
1915.314288 65.168883 
1917.243104 64.817048 
1919.171920 64.124778 
1921.100736 64.250094 
1923.029552 63.799948 
1924.958368 63.570671 
1926.887184 63.628834 
1928.816000 63.533052 
1930.744816 63.236867 
1932.673632 63.053466 
1934.602448 62.960017 
1936.531264 62.842907 
1938.460080 62.533464 
1940.388896 62.400094 
1942.317712 61.790977 
1944.246528 61.332700 
1946.175344 61.189182 
1948.104160 61.061850 
1950.032976 60.911446 
1951.961792 60.752583 
1953.890608 60.440282 
1955.819424 60.106383 
1957.748240 59.821871 
1959.677056 59.579587 
1961.605872 59.311728 
1963.534688 59.131557 
1965.463504 58.709385 
1967.392320 58.117707 
1969.321136 57.811307 
1971.249952 57.672591 
1973.178768 57.386055 
1975.107584 57.211571 
1977.036400 56.919500 
1978.965216 56.636133 
1980.894032 56.269353 
1982.822848 55.849087 
1984.751664 55.459911 
1986.680480 55.243551 
1988.609296 54.777774 
1990.538112 54.314629 
1992.466928 53.670467 
1994.395744 53.380178 
1996.324560 53.202776 
1998.253376 52.851524 
2000.182192 52.422247 
2002.111008 51.998231 
2004.039824 51.548111 
2005.968640 51.091162 
2007.897456 50.564497 
2009.826272 50.136501 
2011.755088 49.751058 
2013.683904 49.424286 
2015.612720 49.022744 
2017.541536 48.635625 
2019.470352 48.406994 
2021.399168 48.219229 
2023.327984 47.952508 
2025.256800 47.820605 
2027.185616 47.661515 
2029.114432 47.440267 
2031.043248 47.160519 
2032.972064 46.996616 
2034.900880 46.661022 
2036.829696 46.480834 
2038.758512 46.337295 
2040.687328 46.138303 
2042.616144 45.863489 
2044.544960 45.599496 
2046.473776 45.312488 
2048.402592 45.174476 
2050.331408 44.981185 
2052.260224 44.746300 
2054.189040 44.475632 
2056.117856 44.371271 
2058.046672 44.196113 
2059.975488 44.005484 
2061.904304 44.001604 
2063.833120 44.011439 
2065.761936 43.771127 
2067.690752 43.729261 
2069.619568 43.740858 
2071.548384 43.726094 
2073.477200 43.686340 
2075.406016 43.708820 
2077.334832 43.690995 
2079.263648 43.695053 
2081.192464 43.549896 
2083.121280 43.473749 
2085.050096 43.311436 
2086.978912 43.103651 
2088.907728 42.757914 
2090.836544 42.535506 
2092.765360 42.352133 
2094.694176 42.145118 
2096.622992 41.798965 
2098.551808 41.514339 
2100.480624 41.224222 
2102.409440 40.924544 
2104.338256 40.580893 
2106.267072 40.319272 
2108.195888 39.963999 
2110.124704 39.695481 
2112.053520 39.440741 
2113.982336 39.081418 
2115.911152 38.768175 
2117.839968 38.612366 
2119.768784 38.489229 
2121.697600 38.449278 
2123.626416 38.325077 
2125.555232 38.220518 
2127.484048 38.022240 
2129.412864 37.796407 
2131.341680 37.460500 
2133.270496 37.191165 
2135.199312 36.928585 
2137.128128 36.724484 
2139.056944 36.402592 
2140.985760 36.132871 
2142.914576 35.869635 
2144.843392 35.653454 
2146.772208 35.351372 
2148.701024 35.081364 
2150.629840 34.823403 
2152.558656 34.612254 
2154.487472 34.405106 
2156.416288 34.213183 
2158.345104 33.920607 
2160.273920 33.611706 
2162.202736 33.308092 
2164.131552 33.067653 
2166.060368 32.660424 
2167.989184 32.303517 
2169.918000 31.915367 
2171.846816 31.556535 
2173.775632 31.094423 
2175.704448 30.651945 
2177.633264 30.374990 
2179.562080 30.188405 
2181.490896 29.868645 
2183.419712 29.673219 
2185.348528 29.458338 
2187.277344 29.253859 
2189.206160 29.098333 
2191.134976 28.995949 
2193.063792 28.839422 
2194.992608 28.753658 
2196.921424 28.699242 
2198.850240 28.688191 
2200.779056 28.632489 
2202.707872 28.709305 
2204.636688 28.738337 
2206.565504 28.854960 
2208.494320 29.035836 
2210.423136 29.178789 
2212.351952 29.308006 
2214.280768 29.429498 
2216.209584 29.484158 
2218.138400 29.617392 
2220.067216 29.688098 
2221.996032 29.766177 
2223.924848 29.851466 
2225.853664 29.924830 
2227.782480 29.921649 
2229.711296 30.163650 
2231.640112 30.354906 
2233.568928 30.492820 
2235.497744 30.572953 
2237.426560 30.688775 
2239.355376 30.819231 
2241.284192 30.971768 
2243.213008 31.016276 
2245.141824 31.173144 
2247.070640 31.271415 
2248.999456 31.423512 
2250.928272 31.555544 
2252.857088 31.640895 
2254.785904 31.481228 
2256.714720 31.361925 
2258.643536 31.445465 
2260.572352 31.516240 
2262.501168 31.458039 
2264.429984 31.474680 
2266.358800 31.499893 
2268.287616 31.719509 
2270.216432 31.911826 
2272.145248 32.018636 
2274.074064 32.004456 
2276.002880 31.999858 
2277.931696 32.040555 
2279.860512 32.106312 
2281.789328 32.064693 
2283.718144 32.139771 
2285.646960 32.007361 
2287.575776 31.722916 
2289.504592 31.419454 
2291.433408 31.177766 
2293.362224 30.989486 
2295.291040 30.723570 
2297.219856 30.407533 
2299.148672 30.112249 
2301.077488 29.726851 
2303.006304 29.544029 
2304.935120 29.277886 
2306.863936 28.856601 
2308.792752 28.465213 
2310.721568 27.997242 
2312.650384 27.457515 
2314.579200 27.233318 
2316.508016 26.922086 
2318.436832 26.630518 
2320.365648 26.153724 
2322.294464 25.605625 
2324.223280 25.088589 
2326.152096 24.682814 
2328.080912 24.189006 
2330.009728 24.211988 
2331.938544 24.267984 
2333.867360 23.975377 
2335.796176 23.787920 
2337.724992 24.212032 
2339.653808 24.186967 
2341.582624 23.763107 
2343.511440 23.113891 
2345.440256 23.497967 
2347.369072 24.184857 
2349.297888 24.844137 
2351.226704 24.613367 
2353.155520 23.840328 
2355.084336 23.299769 
2357.013152 23.116256 
2358.941968 22.981201 
2360.870784 22.561999 
2362.799600 22.022634 
2364.728416 21.901845 
2366.657232 21.660984 
2368.586048 22.319323 
2370.514864 23.066479 
2372.443680 24.071720 
2374.372496 24.789954 
2376.301312 25.118911 
2378.230128 25.447124 
2380.158944 26.080581 
2382.087760 26.762504 
2384.016576 27.158001 
2385.945392 27.351853 
2387.874208 27.571231 
2389.803024 27.642098 
2391.731840 27.642253 
2393.660656 27.511419 
2395.589472 27.442616 
2397.518288 27.413653 
2399.447104 27.282886 
2401.375920 27.230289 
2403.304736 27.271303 
2405.233552 27.182994 
2407.162368 27.104832 
2409.091184 27.008444 
2411.020000 26.911926 
2412.948816 26.735517 
2414.877632 26.722203 
2416.806448 26.717768 
2418.735264 26.536521 
2420.664080 26.398839 
2422.592896 26.312821 
2424.521712 26.237451 
2426.450528 26.264201 
2428.379344 26.228349 
2430.308160 25.923212 
2432.236976 25.679964 
2434.165792 25.679131 
2436.094608 25.581281 
2438.023424 25.454509 
2439.952240 25.381413 
2441.881056 25.299642 
2443.809872 25.196700 
2445.738688 25.150882 
2447.667504 24.941989 
2449.596320 24.835682 
2451.525136 24.701536 
2453.453952 24.590695 
2455.382768 24.367942 
2457.311584 24.200039 
2459.240400 24.057272 
2461.169216 23.970953 
2463.098032 23.962538 
2465.026848 23.825847 
2466.955664 23.560867 
2468.884480 23.384750 
2470.813296 23.281115 
2472.742112 23.138432 
2474.670928 23.039185 
2476.599744 23.076911 
2478.528560 23.092130 
2480.457376 23.093767 
2482.386192 23.089617 
2484.315008 23.028672 
2486.243824 22.937346 
2488.172640 22.919682 
2490.101456 22.832634 
2492.030272 22.821920 
2493.959088 22.763458 
2495.887904 22.688975 
2497.816720 22.547252 
2499.745536 22.484478 
2501.674352 22.485836 
2503.603168 22.430687 
2505.531984 22.334315 
2507.460800 22.236292 
2509.389616 22.189983 
2511.318432 22.145309 
2513.247248 22.061010 
2515.176064 22.268216 
2517.104880 22.319157 
2519.033696 22.054514 
2520.962512 21.876182 
2522.891328 21.951062 
2524.820144 21.976536 
2526.748960 21.957394 
2528.677776 21.787734 
2530.606592 21.615689 
2532.535408 21.540096 
2534.464224 21.484909 
2536.393040 21.440291 
2538.321856 21.370330 
2540.250672 21.334465 
2542.179488 21.341123 
2544.108304 21.197840 
2546.037120 21.033738 
2547.965936 20.786278 
2549.894752 20.646815 
2551.823568 20.733528 
2553.752384 20.807033 
2555.681200 20.732048 
2557.610016 20.593440 
2559.538832 20.414901 
2561.467648 20.388174 
2563.396464 20.351744 
2565.325280 20.248025 
2567.254096 20.322620 
2569.182912 20.358555 
2571.111728 20.284710 
2573.040544 20.247076 
2574.969360 20.193655 
2576.898176 20.121026 
2578.826992 20.057551 
2580.755808 20.102536 
2582.684624 20.121699 
2584.613440 20.120689 
2586.542256 20.097644 
2588.471072 19.989167 
2590.399888 19.842582 
2592.328704 19.781931 
2594.257520 19.666952 
2596.186336 19.555188 
2598.115152 19.444373 
2600.043968 19.367955 
2601.972784 19.295483 
2603.901600 19.234900 
2605.830416 19.001133 
2607.759232 18.756596 
2609.688048 18.724742 
2611.616864 18.720784 
2613.545680 18.564796 
2615.474496 18.553586 
2617.403312 18.491800 
2619.332128 18.391358 
2621.260944 18.109193 
2623.189760 17.865518 
2625.118576 17.896993 
2627.047392 17.874514 
2628.976208 17.813485 
2630.905024 17.755135 
2632.833840 17.461939 
2634.762656 17.272469 
2636.691472 17.312399 
2638.620288 17.300130 
2640.549104 17.077969 
2642.477920 16.848268 
2644.406736 16.745546 
2646.335552 16.734152 
2648.264368 16.590800 
2650.193184 16.437007 
2652.122000 16.347218 
2654.050816 16.227060 
2655.979632 16.127819 
2657.908448 16.008948 
2659.837264 15.732744 
2661.766080 15.527974 
2663.694896 15.429028 
2665.623712 15.303545 
2667.552528 15.170958 
2669.481344 15.034289 
2671.410160 14.808442 
2673.338976 14.670533 
2675.267792 14.598758 
2677.196608 14.602568 
2679.125424 14.483164 
2681.054240 14.516169 
2682.983056 14.551658 
2684.911872 14.535236 
2686.840688 14.406777 
2688.769504 14.415096 
2690.698320 14.589764 
2692.627136 14.754102 
2694.555952 14.716750 
2696.484768 14.720507 
2698.413584 14.806892 
2700.342400 14.820604 
2702.271216 14.914484 
2704.200032 15.002631 
2706.128848 14.986599 
2708.057664 15.035507 
2709.986480 14.972381 
2711.915296 15.036979 
2713.844112 15.083463 
2715.772928 15.044871 
2717.701744 15.121836 
2719.630560 15.059498 
2721.559376 14.910062 
2723.488192 14.944771 
2725.417008 15.023356 
2727.345824 15.054470 
2729.274640 14.974861 
2731.203456 14.776471 
2733.132272 14.547905 
2735.061088 14.463285 
2736.989904 14.412993 
2738.918720 14.273940 
2740.847536 14.106096 
2742.776352 14.020135 
2744.705168 13.952821 
2746.633984 13.892118 
2748.562800 13.956979 
2750.491616 14.023952 
2752.420432 13.921793 
2754.349248 13.774935 
2756.278064 13.701959 
2758.206880 13.809659 
2760.135696 13.675008 
2762.064512 13.561178 
2763.993328 13.370214 
2765.922144 13.305226 
2767.850960 13.321502 
2769.779776 13.231700 
2771.708592 13.179529 
2773.637408 13.045490 
2775.566224 12.914948 
2777.495040 12.772348 
2779.423856 12.762906 
2781.352672 12.789603 
2783.281488 12.612060 
2785.210304 12.519166 
2787.139120 12.495819 
2789.067936 12.330667 
2790.996752 12.194371 
2792.925568 12.067389 
2794.854384 11.687452 
2796.783200 11.488476 
2798.712016 11.437386 
2800.640832 11.329579 
2802.569648 11.223611 
2804.498464 11.117183 
2806.427280 10.919731 
2808.356096 10.916251 
2810.284912 10.989734 
2812.213728 10.683500 
2814.142544 10.439496 
2816.071360 10.418281 
2818.000176 10.282085 
2819.928992 10.149358 
2821.857808 10.063180 
2823.786624 10.141302 
2825.715440 10.219310 
2827.644256 10.229174 
2829.573072 10.201030 
2831.501888 10.253485 
2833.430704 10.234615 
2835.359520 10.241828 
2837.288336 10.257483 
2839.217152 10.314720 
2841.145968 10.461590 
2843.074784 10.606062 
2845.003600 10.643625 
2846.932416 10.761775 
2848.861232 10.826817 
2850.790048 10.839331 
2852.718864 10.823213 
2854.647680 10.738997 
2856.576496 10.659500 
2858.505312 10.831501 
2860.434128 10.816376 
2862.362944 10.681939 
2864.291760 10.617416 
2866.220576 10.588202 
2868.149392 10.776996 
2870.078208 10.758675 
2872.007024 10.572676 
2873.935840 10.554250 
2875.864656 10.661982 
2877.793472 10.775857 
2879.722288 10.814709 
2881.651104 10.783856 
2883.579920 10.879700 
2885.508736 10.646285 
2887.437552 10.379539 
2889.366368 10.370104 
2891.295184 10.449103 
2893.224000 10.348198 
2895.152816 10.233577 
2897.081632 10.283874 
2899.010448 10.225557 
2900.939264 9.973787 
2902.868080 9.829623 
2904.796896 9.878550 
2906.725712 9.797823 
2908.654528 9.609924 
2910.583344 9.423921 
2912.512160 9.383299 
2914.440976 9.343873 
2916.369792 9.284114 
2918.298608 9.167497 
2920.227424 9.139006 
2922.156240 9.039392 
2924.085056 8.923595 
2926.013872 8.726261 
2927.942688 8.489627 
2929.871504 8.241219 
2931.800320 8.061535 
2933.729136 7.979608 
2935.657952 8.022494 
2937.586768 7.944536 
2939.515584 7.673700 
2941.444400 7.612272 
2943.373216 7.636095 
2945.302032 7.430436 
2947.230848 7.265150 
2949.159664 7.147474 
2951.088480 7.107160 
2953.017296 6.951269 
2954.946112 6.656570 
2956.874928 6.617875 
2958.803744 6.596849 
2960.732560 6.438560 
2962.661376 6.410931 
2964.590192 6.354013 
2966.519008 6.365162 
2968.447824 6.360953 
2970.376640 6.220892 
2972.305456 6.092831 
2974.234272 6.019462 
2976.163088 5.788985 
2978.091904 5.746045 
2980.020720 5.923866 
2981.949536 5.877696 
2983.878352 5.725974 
2985.807168 5.704864 
2987.735984 5.614041 
2989.664800 5.448442 
2991.593616 5.442239 
2993.522432 5.578970 
2995.451248 5.450347 
2997.380064 5.259893 
2999.308880 5.467325 
3001.237696 5.444264 
3003.166512 5.238261 
3005.095328 5.199447 
3007.024144 5.211894 
3008.952960 5.046684 
3010.881776 4.810552 
3012.810592 4.705872 
3014.739408 4.629788 
3016.668224 4.453406 
3018.597040 4.270957 
3020.525856 4.161707 
3022.454672 4.050814 
3024.383488 4.123926 
3026.312304 4.108555 
3028.241120 3.949682 
3030.169936 3.937861 
3032.098752 3.963605 
3034.027568 3.856231 
3035.956384 3.690366 
3037.885200 3.532311 
3039.814016 3.474209 
3041.742832 3.303274 
3043.671648 3.347778 
3045.600464 3.501485 
3047.529280 3.341495 
3049.458096 3.231612 
3051.386912 3.191200 
3053.315728 2.863972 
3055.244544 2.654220 
3057.173360 2.681673 
3059.102176 2.652201 
3061.030992 2.535094 
3062.959808 2.480878 
3064.888624 2.493552 
3066.817440 2.430159 
3068.746256 2.394876 
3070.675072 2.161686 
3072.603888 2.260000 
3074.532704 2.444389 
3076.461520 2.307383 
3078.390336 2.086041 
3080.319152 1.978738 
3082.247968 1.946401 
3084.176784 1.859614 
3086.105600 1.806752 
3088.034416 1.752167 
3089.963232 1.599043 
3091.892048 1.656659 
3093.820864 1.745103 
3095.749680 1.590395 
3097.678496 1.298802 
3099.607312 0.956379 
3101.536128 0.975292 
3103.464944 1.127828 
3105.393760 1.004867 
3107.322576 0.948128 
3109.251392 0.939577 
3111.180208 0.896432 
3113.109024 0.920871 
3115.037840 0.943839 
3116.966656 0.735934 
3118.895472 0.668564 
3120.824288 0.577713 
3122.753104 0.547379 
3124.681920 0.651679 
3126.610736 0.364017 
3128.539552 0.270351 
3130.468368 0.461578 
3132.397184 0.565186 
3134.326000 0.648239 
3136.254816 0.699143 
3138.183632 0.565285 
3140.112448 0.600052 
3142.041264 0.742338 
3143.970080 0.742893 
3145.898896 0.721044 
3147.827712 0.573762 
3149.756528 0.709740 
3151.685344 0.971345 
3153.614160 0.933858 
3155.542976 1.175698 
3157.471792 1.350259 
3159.400608 1.333402 
3161.329424 1.278853 
3163.258240 1.209209 
3165.187056 1.291834 
3167.115872 1.531691 
3169.044688 1.834773 
3170.973504 1.912390 
3172.902320 1.883929 
3174.831136 1.705272 
3176.759952 1.569015 
3178.688768 1.603517 
3180.617584 1.723884 
3182.546400 1.741865 
3184.475216 1.583786 
3186.404032 1.914295 
3188.332848 2.150888 
3190.261664 2.063043 
3192.190480 1.959199 
3194.119296 2.062123 
3196.048112 2.055577 
3197.976928 1.974720 
3199.905744 2.110540 
3201.834560 2.330889 
3203.763376 2.399325 
3205.692192 2.136554 
3207.621008 2.037691 
3209.549824 2.325577 
3211.478640 2.480784 
3213.407456 2.370310 
3215.336272 2.332227 
3217.265088 2.424741 
3219.193904 2.559834 
3221.122720 2.538739 
3223.051536 2.641327 
3224.980352 2.960756 
3226.909168 3.126783 
3228.837984 3.176644 
3230.766800 3.124063 
3232.695616 3.346230 
3234.624432 3.558256 
3236.553248 3.704875 
3238.482064 3.865949 
3240.410880 3.930294 
3242.339696 4.019759 
3244.268512 4.051601 
3246.197328 4.095217 
3248.126144 4.254254 
3250.054960 4.303906 
3251.983776 4.210736 
3253.912592 4.122124 
3255.841408 4.228023 
3257.770224 4.378927 
3259.699040 4.510729 
3261.627856 4.704060 
3263.556672 4.637981 
3265.485488 4.430112 
3267.414304 4.529383 
3269.343120 4.723246 
3271.271936 4.759473 
3273.200752 4.538978 
3275.129568 4.340381 
3277.058384 4.395956 
3278.987200 4.398774 
3280.916016 4.203126 
3282.844832 4.094933 
3284.773648 4.083820 
3286.702464 4.018391 
3288.631280 4.028647 
3290.560096 3.852802 
3292.488912 3.831811 
3294.417728 3.834019 
3296.346544 3.709678 
3298.275360 3.452379 
3300.204176 3.307151 
3302.132992 3.279513 
3304.061808 3.228554 
3305.990624 3.048041 
3307.919440 2.909973 
3309.848256 2.773842 
3311.777072 2.512265 
3313.705888 2.379447 
3315.634704 2.386871 
3317.563520 2.354937 
3319.492336 2.417628 
3321.421152 2.318109 
3323.349968 1.946876 
3325.278784 2.007210 
3327.207600 1.997477 
3329.136416 1.772098 
3331.065232 1.807663 
3332.994048 1.852083 
3334.922864 1.858638 
3336.851680 1.883805 
3338.780496 1.861445 
3340.709312 1.924988 
3342.638128 2.262326 
3344.566944 2.453470 
3346.495760 2.474688 
3348.424576 2.855681 
3350.353392 3.285749 
3352.282208 3.450589 
3354.211024 3.535991 
3356.139840 3.824996 
3358.068656 4.121834 
3359.997472 4.451732 
3361.926288 4.978667 
3363.855104 5.635953 
3365.783920 6.024509 
3367.712736 6.785105 
3369.641552 7.835187 
3371.570368 8.524517 
3373.499184 9.123468 
3375.428000 10.141184 
3377.356816 11.018150 
3379.285632 11.823614 
3381.214448 12.847981 
3383.143264 13.767625 
3385.072080 14.468147 
3387.000896 14.916182 
3388.929712 15.545030 
3390.858528 16.011076 
3392.787344 16.088554 
3394.716160 16.175655 
3396.644976 15.956941 
3398.573792 15.589900 
3400.502608 15.503476 
3402.431424 15.020660 
3404.360240 13.758656 
3406.289056 12.275730 
3408.217872 10.839210 
3410.146688 9.175783 
3412.075504 7.275132 
3414.004320 5.336968 
3415.933136 3.748071 
3417.861952 2.608006 
3419.790768 2.244650 
3421.719584 2.615039 
3423.648400 4.061715 
3425.577216 6.336395 
3427.506032 9.088925 
3429.434848 12.405840 
3431.363664 15.678972 
3433.292480 19.079858 
3435.221296 22.038833 
3437.150112 24.574422 
3439.078928 26.603617 
3441.007744 27.916376 
3442.936560 28.590097 
3444.865376 28.811443 
3446.794192 28.176993 
3448.723008 27.030206 
3450.651824 25.775333 
3452.580640 23.841477 
3454.509456 21.278007 
3456.438272 18.545583 
3458.367088 15.375647 
3460.295904 12.001133 
3462.224720 8.548029 
3464.153536 5.556294 
3466.082352 3.518614 
3468.011168 2.391170 
3469.939984 2.059946 
3471.868800 2.662467 
3473.797616 4.445911 
3475.726432 7.775607 
3477.655248 12.485141 
3479.584064 17.793913 
3481.512880 23.389931 
3483.441696 28.963203 
3485.370512 33.831622 
3487.299328 38.091942 
3489.228144 41.304105 
3491.156960 43.714017 
3493.085776 45.647438 
3495.014592 46.915140 
3496.943408 47.791788 
3498.872224 48.989910 
3500.801040 49.480394 
3502.729856 49.655773 
3504.658672 49.654206 
3506.587488 49.717191 
3508.516304 49.336291 
3510.445120 48.825269 
3512.373936 48.765897 
3514.302752 48.996892 
3516.231568 48.843126 
3518.160384 48.560753 
3520.089200 48.451487 
3522.018016 48.261057 
3523.946832 47.552193 
3525.875648 47.324481 
3527.804464 46.780276 
3529.733280 46.098027 
3531.662096 46.007195 
3533.590912 46.030930 
3535.519728 45.422930 
3537.448544 44.525012 
3539.377360 44.032303 
3541.306176 44.070754 
3543.234992 44.016346 
3545.163808 43.303127 
3547.092624 42.830583 
3549.021440 42.898831 
3550.950256 42.929564 
3552.879072 42.443946 
3554.807888 42.420974 
3556.736704 42.453320 
3558.665520 42.303030 
3560.594336 41.868537 
3562.523152 41.705620 
3564.451968 42.019354 
3566.380784 41.343688 
3568.309600 39.890860 
3570.238416 40.196114 
3572.167232 41.043360 
3574.096048 41.076316 
3576.024864 40.601234 
3577.953680 40.377231 
3579.882496 40.326815 
3581.811312 40.362196 
3583.740128 40.343140 
3585.668944 40.218007 
3587.597760 39.427023 
3589.526576 38.227486 
3591.455392 38.942829 
3593.384208 39.136917 
3595.313024 38.319637 
3597.241840 37.961591 
3599.170656 37.975685 
3601.099472 37.752152 
3603.028288 37.784364 
3604.957104 37.903022 
3606.885920 37.753594 
3608.814736 36.974375 
3610.743552 36.689231 
3612.672368 36.844258 
3614.601184 36.368539 
3616.530000 36.471584 
3618.458816 36.380102 
3620.387632 35.254716 
3622.316448 35.355902 
3624.245264 36.014159 
3626.174080 36.675911 
3628.102896 36.507085 
3630.031712 33.997821 
3631.960528 34.361600 
3633.889344 34.942704 
3635.818160 34.796295 
3637.746976 34.892988 
3639.675792 34.910308 
3641.604608 34.943144 
3643.533424 34.986007 
3645.462240 35.870789 
3647.391056 35.768581 
3649.319872 33.881590 
3651.248688 33.163807 
3653.177504 33.750339 
3655.106320 34.042774 
3657.035136 33.402027 
3658.963952 33.556718 
3660.892768 33.572625 
3662.821584 33.132394 
3664.750400 33.267555 
3666.679216 33.576257 
3668.608032 33.743516 
3670.536848 32.951749 
3672.465664 32.869158 
3674.394480 33.499226 
3676.323296 31.951134 
3678.252112 31.872240 
3680.180928 32.070369 
3682.109744 32.208406 
3684.038560 32.913352 
3685.967376 33.533631 
3687.896192 33.463325 
3689.825008 32.161727 
3691.753824 31.098733 
3693.682640 31.026115 
3695.611456 31.165027 
3697.540272 31.424828 
3699.469088 31.724571 
3701.397904 31.319358 
3703.326720 30.695806 
3705.255536 30.563885 
3707.184352 30.605433 
3709.113168 30.762920 
3711.041984 30.138296 
3712.970800 29.810598 
3714.899616 30.184717 
3716.828432 30.433337 
3718.757248 30.617361 
3720.686064 30.734709 
3722.614880 30.396180 
3724.543696 29.886867 
3726.472512 29.493216 
3728.401328 29.251511 
3730.330144 30.026738 
3732.258960 30.139890 
3734.187776 29.886685 
3736.116592 28.758840 
3738.045408 28.443801 
3739.974224 29.563107 
3741.903040 30.792224 
3743.831856 30.529910 
3745.760672 28.309320 
3747.689488 28.662207 
3749.618304 29.099323 
3751.547120 28.216595 
3753.475936 27.546513 
3755.404752 28.502587 
3757.333568 29.046495 
3759.262384 28.929684 
3761.191200 28.807852 
3763.120016 28.966828 
3765.048832 28.814273 
3766.977648 28.500687 
3768.906464 28.854346 
3770.835280 28.156607 
3772.764096 28.115801 
3774.692912 28.433463 
3776.621728 28.767505 
3778.550544 28.476335 
3780.479360 27.818195 
3782.408176 28.340133 
3784.336992 28.219265 
3786.265808 27.317259 
3788.194624 27.709483 
3790.123440 27.918600 
3792.052256 27.793489 
3793.981072 28.137874 
3795.909888 28.290634 
3797.838704 27.440670 
3799.767520 27.497833 
3801.696336 26.667036 
3803.625152 26.686575 
3805.553968 27.680902 
3807.482784 27.078370 
3809.411600 26.747276 
3811.340416 27.398910 
3813.269232 27.791461 
3815.198048 27.327328 
3817.126864 26.446491 
3819.055680 26.949093 
3820.984496 26.411144 
3822.913312 26.044868 
3824.842128 26.712701 
3826.770944 26.658743 
3828.699760 26.681762 
3830.628576 26.781692 
3832.557392 26.358710 
3834.486208 26.058502 
3836.415024 25.800003 
3838.343840 25.571271 
3840.272656 25.945122 
3842.201472 25.480389 
3844.130288 24.690780 
3846.059104 25.284037 
3847.987920 25.868982 
3849.916736 26.177615 
3851.845552 26.864887 
3853.774368 24.846509 
3855.703184 23.328121 
3857.632000 24.240476 
3859.560816 24.681960 
3861.489632 24.787293 
3863.418448 24.601271 
3865.347264 24.281130 
3867.276080 25.112947 
3869.204896 25.345056 
3871.133712 24.233670 
3873.062528 24.303869 
3874.991344 24.220413 
3876.920160 24.494791 
3878.848976 24.457646 
3880.777792 23.419506 
3882.706608 23.069514 
3884.635424 23.591820 
3886.564240 23.289782 
3888.493056 23.660906 
3890.421872 23.872493 
3892.350688 23.431401 
3894.279504 23.772517 
3896.208320 24.749167 
3898.137136 25.105610 
3900.065952 24.313539 
3901.994768 24.001479 
3903.923584 23.834599 
3905.852400 23.647015 
3907.781216 24.026748 
3909.710032 24.581569 
3911.638848 24.517979 
3913.567664 24.489171 
3915.496480 24.862426 
3917.425296 24.792306 
3919.354112 24.396320 
3921.282928 24.181357 
3923.211744 24.284236 
3925.140560 24.297845 
3927.069376 24.521041 
3928.998192 24.626917 
3930.927008 24.413671 
3932.855824 24.477291 
3934.784640 24.530656 
3936.713456 24.441336 
3938.642272 24.027099 
3940.571088 23.687945 
3942.499904 23.718348 
3944.428720 24.018582 
3946.357536 24.494182 
3948.286352 24.414801 
3950.215168 24.130307 
3952.143984 24.311823 
3954.072800 24.099029 
3956.001616 23.785354 
3957.930432 23.834667 
3959.859248 23.860391 
3961.788064 23.685680 
3963.716880 23.578441 
3965.645696 23.749339 
3967.574512 23.729119 
3969.503328 23.742218 
3971.432144 23.895178 
3973.360960 23.662586 
3975.289776 23.393196 
3977.218592 23.019078 
3979.147408 23.130010 
3981.076224 23.306475 
3983.005040 23.186120 
3984.933856 23.114339 
3986.862672 22.896814 
3988.791488 23.304502 
3990.720304 23.233171 
3992.649120 23.062325 
3994.577936 23.311086 
3996.506752 23.458408 
3998.435568 23.126214 
4000.364384 22.675783 
4002.293200 22.558812 
4004.222016 22.622216 
4006.150832 23.039884 
4008.079648 23.195923 
4010.008464 22.982416 
4011.937280 22.636738 
4013.866096 22.587276 
4015.794912 22.938729 
4017.723728 23.131933 
4019.652544 22.715008 
4021.581360 22.459046 
4023.510176 22.601914 
4025.438992 22.483379 
4027.367808 22.595378 
4029.296624 22.702074 
4031.225440 22.452950 
4033.154256 22.035360 
4035.083072 21.936576 
4037.011888 22.260185 
4038.940704 22.707628 
4040.869520 22.661865 
4042.798336 22.481025 
4044.727152 22.577517 
4046.655968 22.552752 
4048.584784 22.471389 
4050.513600 22.319948 
4052.442416 22.116775 
4054.371232 21.855257 
4056.300048 21.783861 
4058.228864 22.040289 
4060.157680 22.197283 
4062.086496 22.483491 
4064.015312 22.171604 
4065.944128 21.667851 
4067.872944 22.079832 
4069.801760 22.236593 
4071.730576 22.317848 
4073.659392 22.542350 
4075.588208 21.986238 
4077.517024 21.551491 
4079.445840 21.646325 
4081.374656 21.394695 
4083.303472 21.643722 
4085.232288 21.700121 
4087.161104 21.526242 
4089.089920 21.900152 
4091.018736 21.807044 
4092.947552 21.415109 
4094.876368 21.743848 
4096.805184 21.574071 
4098.734000 21.066737 
4100.662816 21.186605 
4102.591632 21.547829 
4104.520448 21.495555 
4106.449264 21.255856 
4108.378080 22.178172 
4110.306896 22.058231 
4112.235712 21.281537 
4114.164528 21.443842 
4116.093344 21.572985 
4118.022160 21.612556 
4119.950976 21.536164 
4121.879792 21.201352 
4123.808608 21.329473 
4125.737424 21.882364 
4127.666240 22.139864 
4129.595056 21.265296 
4131.523872 20.980132 
4133.452688 21.492180 
4135.381504 21.479168 
4137.310320 21.643051 
4139.239136 21.667329 
4141.167952 21.425729 
4143.096768 21.370871 
4145.025584 21.190524 
4146.954400 21.120214 
4148.883216 21.012184 
4150.812032 20.936263 
4152.740848 20.979512 
4154.669664 20.910471 
4156.598480 20.768013 
4158.527296 21.242931 
4160.456112 21.332743 
4162.384928 20.953866 
4164.313744 20.710171 
4166.242560 20.744612 
4168.171376 21.023922 
4170.100192 21.004558 
4172.029008 20.962340 
4173.957824 20.577202 
4175.886640 20.351145 
4177.815456 20.910193 
4179.744272 21.237580 
4181.673088 20.851740 
4183.601904 20.522261 
4185.530720 20.484396 
4187.459536 20.722547 
4189.388352 20.752098 
4191.317168 20.184982 
4193.245984 20.127082 
4195.174800 20.256434 
4197.103616 20.813101 
4199.032432 21.061115 
4200.961248 20.792655 
4202.890064 20.588375 
4204.818880 20.151570 
4206.747696 20.174372 
4208.676512 20.432922 
4210.605328 20.367088 
4212.534144 20.187381 
4214.462960 20.202283 
4216.391776 20.195394 
4218.320592 19.974162 
4220.249408 20.047571 
4222.178224 20.168027 
4224.107040 20.187652 
4226.035856 20.442706 
4227.964672 20.597908 
4229.893488 20.500488 
4231.822304 20.815383 
4233.751120 21.142006 
4235.679936 21.050777 
4237.608752 21.000890 
4239.537568 20.634590 
4241.466384 20.173317 
4243.395200 20.371034 
4245.324016 20.634724 
4247.252832 20.471205 
4249.181648 19.830184 
4251.110464 19.778009 
4253.039280 20.097778 
4254.968096 20.263418 
4256.896912 20.446131 
4258.825728 20.490983 
4260.754544 20.178884 
4262.683360 19.975425 
4264.612176 19.660918 
4266.540992 19.793539 
4268.469808 20.354978 
4270.398624 20.777104 
4272.327440 20.482608 
4274.256256 20.217247 
4276.185072 20.554898 
4278.113888 20.753015 
4280.042704 20.782682 
4281.971520 20.640043 
4283.900336 20.200744 
4285.829152 19.834918 
4287.757968 20.176738 
4289.686784 20.109040 
4291.615600 19.755281 
4293.544416 20.103731 
4295.473232 20.402518 
4297.402048 20.784353 
4299.330864 20.407515 
4301.259680 19.649585 
4303.188496 19.204184 
4305.117312 19.635969 
4307.046128 19.818939 
4308.974944 19.828981 
4310.903760 19.480772 
4312.832576 19.857504 
4314.761392 20.509014 
4316.690208 20.125606 
4318.619024 19.985466 
4320.547840 20.088581 
4322.476656 19.403988 
4324.405472 18.922994 
4326.334288 19.164838 
4328.263104 19.701335 
4330.191920 19.675463 
4332.120736 19.453313 
4334.049552 19.341282 
4335.978368 19.463536 
4337.907184 19.265331 
4339.836000 19.395655 
4341.764816 19.534868 
4343.693632 19.433085 
4345.622448 18.999804 
4347.551264 18.710818 
4349.480080 18.953071 
4351.408896 18.835321 
4353.337712 18.530943 
4355.266528 19.300109 
4357.195344 19.633890 
4359.124160 19.204265 
4361.052976 18.990639 
4362.981792 19.302367 
4364.910608 19.351564 
4366.839424 19.757552 
4368.768240 19.425689 
4370.697056 19.403349 
4372.625872 19.676931 
4374.554688 19.840937 
4376.483504 19.596487 
4378.412320 19.086752 
4380.341136 18.921399 
4382.269952 18.790706 
4384.198768 18.496659 
4386.127584 18.957181 
4388.056400 19.624479 
4389.985216 19.470746 
4391.914032 19.189093 
4393.842848 19.170040 
4395.771664 18.643350 
4397.700480 18.341709 
4399.629296 18.797929 
4401.558112 19.065357 
4403.486928 18.535297 
4405.415744 18.375678 
4407.344560 18.834201 
4409.273376 18.820979 
4411.202192 18.327969 
4413.131008 18.451932 
4415.059824 19.164043 
4416.988640 19.228654 
4418.917456 18.834903 
4420.846272 18.692985 
4422.775088 18.568294 
4424.703904 18.119289 
4426.632720 17.852361 
4428.561536 18.588209 
4430.490352 19.254139 
4432.419168 18.894638 
4434.347984 18.589666 
4436.276800 18.738740 
4438.205616 18.226360 
4440.134432 17.796392 
4442.063248 17.798515 
4443.992064 17.790287 
4445.920880 18.377264 
4447.849696 18.780137 
4449.778512 18.261981 
4451.707328 17.782512 
4453.636144 18.619691 
4455.564960 18.860981 
4457.493776 18.600583 
4459.422592 18.723880 
4461.351408 18.306560 
4463.280224 18.312733 
4465.209040 18.722176 
4467.137856 18.461912 
4469.066672 18.310447 
4470.995488 18.040505 
4472.924304 18.105530 
4474.853120 18.385361 
4476.781936 18.247856 
4478.710752 17.849123 
4480.639568 18.058500 
4482.568384 17.956927 
4484.497200 18.057929 
4486.426016 18.447406 
4488.354832 18.445896 
4490.283648 18.107498 
4492.212464 18.117136 
4494.141280 17.970973 
4496.070096 17.744231 
4497.998912 17.528861 
4499.927728 17.623730 
4501.856544 18.037418 